<?xml version="1.0" encoding="UTF-8" standalone="no" ?>
<SimscapeMultibodyImportXML version="2.0" xmlns="urn:mathworks:SimscapeMultibody:import" xmlns:xsi="http://www.w3.org/2001/XMLSchema-instance">
<Created by="Mohamed Teleb" on="10/31/21||17:04:20" using="Simscape Multibody Link Version 7.0" from="Autodesk Inventor 2019 (Build 230136000, 136)"/>
<ModelUnits mass="kilogram" length="millimeter"/>
<DataUnits mass="kilogram" length="centimeter"/>
<RootAssembly name="Assembly1.iam" uid="Assembly1.iam_{38688CD1-41C0-1373-2662-EEA0ECD5D31C}" version="{9D655A79-5570-DE99-8A99-BEC0ACC892E1}">
<AssemblyFile name="Assembly1.iam" type="Inventor Assembly"/>
<InstanceTree>
<Instance name="base:1" grounded="true" uid="base:1" entityUid="base.iam_{2A150FB4-4BF0-62B0-6AB4-A8881418ADF0}" rigid="true">
<Transform>
<Rotation>1 2.014103778535066e-16 -2.3414959886972186e-16 0 0.87636129643545346 0.48165431391192953 3.0220982338508396e-16 -0.48165431391192953 0.87636129643545346</Rotation>
<Translation>-13.499274990440494 -18.539293986623115 -9.2881998073501446</Translation>
</Transform>
<Instance name="Part1:1" grounded="true" uid="Part1:1" entityUid="Part1.ipt_{16C234E6-4F59-573B-4128-2EAB8D981173}">
<Transform>
<Rotation>1 0 0 0 0.99999999999999978 0 0 0 0.99999999999999978</Rotation>
<Translation>-23.3376912588786 3.1338486677263226 6.8371504286006655</Translation>
</Transform>
</Instance>
<Instance name="Part4:1" uid="Part4:1" entityUid="Part4.ipt_{18B27F41-47AC-F416-0E2C-5A8254BD7ED3}">
<Transform>
<Rotation>0.98837275982548234 0.15205027995686005 1.3787264208598502e-15 0.15205027995686002 -0.98837275982548212 -1.6653345369377348e-16 1.3600232051658168e-15 3.3306690738754696e-16 -0.99999999999999978</Rotation>
<Translation>9.6623087411214001 5.7338486677263303 15.087150428600697</Translation>
</Transform>
</Instance>
<Instance name="Part7:1" uid="Part7:1" entityUid="Part7.ipt_{08D20129-47B4-5E35-84D4-CFBF550F4269}">
<Transform>
<Rotation>1 -1.1707565626762098e-15 2.6367796834848296e-16 1.1707565626762098e-15 0.99999999999999978 1.6653345369377348e-16 -2.6367796834848316e-16 -1.6653345369377348e-16 0.99999999999999978</Rotation>
<Translation>-20.337691258878607 5.7338486677263205 7.9871504286006676</Translation>
</Transform>
</Instance>
<Instance name="Part1:2" uid="Part1:2" entityUid="Part1.ipt_{16C234E6-4F59-573B-4128-2EAB8D981173}">
<Transform>
<Rotation>1 0 -1.4432899320127e-15 0 0.99999999999999978 1.6653345369377348e-16 1.4432899320126996e-15 -1.6653345369377348e-16 0.99999999999999978</Rotation>
<Translation>-23.337691258878607 3.1338486677263226 15.587150428600594</Translation>
</Transform>
</Instance>
<Instance name="Part4:2" uid="Part4:2" entityUid="Part4.ipt_{18B27F41-47AC-F416-0E2C-5A8254BD7ED3}">
<Transform>
<Rotation>-0.99159787943401712 0.12935859268699704 1.17637661747514e-15 0.12935859268699701 0.99159787943401689 -1.6653345369377348e-16 -1.1796119636642288e-15 0 -0.99999999999999978</Rotation>
<Translation>-20.337691258878607 5.7338486677263196 15.087150428600596</Translation>
</Transform>
</Instance>
<Instance name="SideToConveyer:3" uid="SideToConveyer:3" entityUid="SideToConveyer.ipt_{5326A348-4134-F4EA-32B1-0D95976A6AFA}">
<Transform>
<Rotation>-1 0 -1.05159546293803e-15 0 0.99999999999999978 -2.4980018054066022e-15 1.0515954629380298e-15 -2.4980018054066022e-15 -0.99999999999999978</Rotation>
<Translation>8.3541895521132901 3.3008801288327732 16.927150428600594</Translation>
</Transform>
<VisualProperties>
<Ambient r="0.73725490196078436" g="0.7686274509803922" b="0.7803921568627451" a="1"/>
<Diffuse r="0.73725490196078436" g="0.7686274509803922" b="0.7803921568627451" a="1"/>
<Specular r="1" g="1" b="1" a="1"/>
<Emissive r="0" g="0" b="0" a="1"/>
<Shininess>0.10000000000000001</Shininess>
</VisualProperties>
</Instance>
<Instance name="Screw ISO 14583:2011(E) M8x25-4.8:5" uid="Screw ISO 14583:2011(E) M8x25-4.8:5" entityUid="ISO 14583 - M8x25-4.8.ipt_{77AF534E-423A-2BFA-A075-D981252D668C}">
<Transform>
<Rotation>-4.4756567506317652e-15 0.050465801278390912 0.9987257896446502 -2.0539125955565396e-15 0.99872578964464997 -0.050465801278390898 -0.99999999999999978 -2.3314683517128287e-15 -4.3645642655576466e-15</Rotation>
<Translation>-15.837691258878602 6.9338486677263216 16.927150428600694</Translation>
</Transform>
</Instance>
<Instance name="ISO 8738 8:5" uid="ISO 8738 8:5" entityUid="ISO 8738 - 8(2).ipt_{D7CFCF3E-4C18-3F2F-5780-E396C3D1E764}">
<Transform>
<Rotation>2.2337909565829028e-15 0.22122036177272589 0.97522384688703356 3.4972025275692431e-15 0.97522384688703334 -0.22122036177272586 -0.99999999999999978 3.9968028886505635e-15 1.4016565685892601e-15</Rotation>
<Translation>-15.837691258878502 6.9338486677263313 15.587150428600596</Translation>
</Transform>
</Instance>
<Instance name="ISO 4034 M8:9" uid="ISO 4034 M8:9" entityUid="ISO 4034 - M8 - ISO.ipt_{39232F50-479A-7106-C31A-DBBFEF7D1CBD}">
<Transform>
<Rotation>-2.7057838821347594e-15 -0.34954580127767299 0.93691927763769989 -2.9420910152566648e-15 -0.93691927763769989 -0.34954580127767299 0.99999999999999978 -3.7192471324942744e-15 1.4988010832439613e-15</Rotation>
<Translation>-15.837691258878602 6.9338486677263296 14.597150428600596</Translation>
</Transform>
</Instance>
<Instance name="Screw ISO 14583:2011(E) M8x25-4.8:6" uid="Screw ISO 14583:2011(E) M8x25-4.8:6" entityUid="ISO 14583 - M8x25-4.8.ipt_{77AF534E-423A-2BFA-A075-D981252D668C}">
<Transform>
<Rotation>-7.3102078298835418e-15 -0.95584381721202383 0.29387513861765696 -2.4980018054066022e-15 0.29387513861765696 0.95584381721202383 -0.99999999999999978 6.25888230132432e-15 -4.496403249731884e-15</Rotation>
<Translation>5.1623087411213398 6.9338486677263234 16.927150428600598</Translation>
</Transform>
</Instance>
<Instance name="Screw ISO 14583:2011(E) M8x25-4.8:7" uid="Screw ISO 14583:2011(E) M8x25-4.8:7" entityUid="ISO 14583 - M8x25-4.8.ipt_{77AF534E-423A-2BFA-A075-D981252D668C}">
<Transform>
<Rotation>-6.8115524364646074e-15 0.204445515952243 0.97887794489763702 -2.4980018054066022e-15 0.9788779448976368 -0.20444551595224297 -0.99999999999999978 -3.8857805861880479e-15 -6.1756155744774333e-15</Rotation>
<Translation>-15.837691258878602 4.5338486677263319 16.927150428600594</Translation>
</Transform>
</Instance>
<Instance name="Screw ISO 14583:2011(E) M8x25-4.8:8" uid="Screw ISO 14583:2011(E) M8x25-4.8:8" entityUid="ISO 14583 - M8x25-4.8.ipt_{77AF534E-423A-2BFA-A075-D981252D668C}">
<Transform>
<Rotation>-6.0507833091431908e-15 0.18923901690292991 0.9819310538330136 -2.4980018054066022e-15 0.98193105383301338 -0.18923901690292985 -0.99999999999999978 -3.6082248300317588e-15 -5.4817261840867104e-15</Rotation>
<Translation>5.1623087411213398 4.5338486677263319 16.927150428600598</Translation>
</Transform>
</Instance>
<Instance name="ISO 8738 8:6" uid="ISO 8738 8:6" entityUid="ISO 8738 - 8(2).ipt_{D7CFCF3E-4C18-3F2F-5780-E396C3D1E764}">
<Transform>
<Rotation>-4.8337203930768801e-15 0.2315764615306809 0.97281670548203958 2.7755575615628914e-15 0.97281670548203947 -0.23157646153068084 -0.99999999999999989 1.5543122344752192e-15 -5.3429483060085659e-15</Rotation>
<Translation>-15.837691258878602 4.5338486677263319 15.587150428600596</Translation>
</Transform>
</Instance>
<Instance name="ISO 8738 8:7" uid="ISO 8738 8:7" entityUid="ISO 8738 - 8(2).ipt_{D7CFCF3E-4C18-3F2F-5780-E396C3D1E764}">
<Transform>
<Rotation>-4.6980519676793735e-15 0.061646742001581385 0.99809803085698479 2.55351295663786e-15 0.99809803085698456 -0.061646742001581371 -0.99999999999999978 2.2759572004815709e-15 -4.8433479449272454e-15</Rotation>
<Translation>5.1623087411211106 6.9338486677263225 15.587150428600498</Translation>
</Transform>
</Instance>
<Instance name="ISO 8738 8:8" uid="ISO 8738 8:8" entityUid="ISO 8738 - 8(2).ipt_{D7CFCF3E-4C18-3F2F-5780-E396C3D1E764}">
<Transform>
<Rotation>-4.7858621800263452e-15 0.25317024553631812 0.96742174193837538 3.9968028886505635e-15 0.96742174193837516 -0.25317024553631806 -0.99999999999999978 2.7200464103316335e-15 -5.6482596377804839e-15</Rotation>
<Translation>5.1623087411211106 4.533848667726331 15.587150428600596</Translation>
</Transform>
</Instance>
<Instance name="ISO 4034 M8:10" uid="ISO 4034 M8:10" entityUid="ISO 4034 - M8 - ISO.ipt_{39232F50-479A-7106-C31A-DBBFEF7D1CBD}">
<Transform>
<Rotation>2.0045986353458754e-15 0.59049321849815506 -0.80704260042930209 -1.2212453270876722e-15 0.80704260042930187 0.59049321849815484 0.99999999999999978 -1.6653345369377348e-16 2.3592239273284576e-15</Rotation>
<Translation>-15.837691258878602 4.5338486677263399 14.597150428600596</Translation>
</Transform>
</Instance>
<Instance name="ISO 4034 M8:11" uid="ISO 4034 M8:11" entityUid="ISO 4034 - M8 - ISO.ipt_{39232F50-479A-7106-C31A-DBBFEF7D1CBD}">
<Transform>
<Rotation>4.1912516278724549e-15 -0.27431320424654015 -0.96164040367280534 -3.5527136788005009e-15 0.96164040367280512 -0.27431320424654004 0.99999999999999978 4.6074255521943996e-15 3.0669911055269949e-15</Rotation>
<Translation>5.1623087411211213 6.9338486677263305 14.597150428600496</Translation>
</Transform>
</Instance>
<Instance name="ISO 4034 M8:12" uid="ISO 4034 M8:12" entityUid="ISO 4034 - M8 - ISO.ipt_{39232F50-479A-7106-C31A-DBBFEF7D1CBD}">
<Transform>
<Rotation>4.1388270959709166e-15 0.00055953151547312224 -0.99999984346222937 -2.9976021664879227e-15 0.99999984346222914 0.00055953151547312213 0.99999999999999978 2.9420910152566648e-15 4.1405138866135172e-15</Rotation>
<Translation>5.1623087411211106 4.5338486677263301 14.597150428600594</Translation>
</Transform>
</Instance>
<Instance name="StepperHolder:2" uid="StepperHolder:2" entityUid="StepperHolder.ipt_{68BA84FE-407B-1AE3-0E1F-5A87AEA6D9A7}">
<Transform>
<Rotation>-1 -1.2965248227674999e-15 0 0 -2.4980018054066022e-15 -0.99999999999999978 1.2965248227674999e-15 -0.99999999999999978 2.4980018054066022e-15</Rotation>
<Translation>1.1623087411212989 -3.9261513322736548 16.927150428600598</Translation>
</Transform>
<VisualProperties>
<Ambient r="0.73725490196078436" g="0.7686274509803922" b="0.7803921568627451" a="1"/>
<Diffuse r="0.73725490196078436" g="0.7686274509803922" b="0.7803921568627451" a="1"/>
<Specular r="1" g="1" b="1" a="1"/>
<Emissive r="0" g="0" b="0" a="1"/>
<Shininess>0.10000000000000001</Shininess>
</VisualProperties>
</Instance>
<Instance name="SK10:1" uid="SK10:1" entityUid="SK10.ipt_{581A4CBF-48F9-3618-7511-82993412D398}">
<Transform>
<Rotation>0 1.1657341758564199e-15 -1 -0.99999999999999978 2.4980018054066022e-15 0 2.4980018054066022e-15 0.99999999999999978 1.1657341758564199e-15</Rotation>
<Translation>-8.3376912588785874 20.033848667726303 18.867150428600599</Translation>
</Transform>
</Instance>
<Instance name="SK10:2" uid="SK10:2" entityUid="SK10.ipt_{581A4CBF-48F9-3618-7511-82993412D398}">
<Transform>
<Rotation>0 1.33764137151028e-15 -1 -0.99999999999999978 2.4980018054066022e-15 0 2.4980018054066022e-15 0.99999999999999978 1.3376413715102799e-15</Rotation>
<Translation>-2.3376912588786993 20.033848667726399 18.867150428600599</Translation>
</Transform>
</Instance>
<Instance name="ArmSupporterFinal:1" uid="ArmSupporterFinal:1" entityUid="ArmSupporterFinal.ipt_{74DB46D0-46AA-3197-ADCE-0285EAFB7CB1}">
<Transform>
<Rotation>-1.2403744511906316e-15 6.5699354781907107e-16 1 0.67478931834872014 0.73801041716392402 3.5212334811613496e-16 -0.73801041716392402 0.67478931834872014 -1.3587414944550097e-15</Rotation>
<Translation>-1.6376912588785881 19.450859903964599 18.394102952095398</Translation>
</Transform>
</Instance>
<Instance name="Fixer:1" uid="Fixer:1" entityUid="Fixer.ipt_{C47674CC-4697-D059-6C98-72821B3BB866}">
<Transform>
<Rotation>-8.2063475681166652e-16 2.2492397971987435e-16 1.0000000000000002 0.4023783558718349 0.91547346150823983 1.242937299267991e-16 -0.91547346150823983 0.4023783558718349 -8.4177388260818208e-16</Rotation>
<Translation>-4.8276912588785894 18.304585020570997 21.491835462883493</Translation>
</Transform>
<VisualProperties>
<Ambient r="0.070588235294117646" g="0.070588235294117646" b="0.070588235294117646" a="1"/>
<Diffuse r="0.070588235294117646" g="0.070588235294117646" b="0.070588235294117646" a="1"/>
<Specular r="1" g="1" b="1" a="1"/>
<Emissive r="0" g="0" b="0" a="1"/>
<Shininess>0.10000000000000001</Shininess>
</VisualProperties>
</Instance>
<Instance name="Fixer:2" uid="Fixer:2" entityUid="Fixer.ipt_{C47674CC-4697-D059-6C98-72821B3BB866}">
<Transform>
<Rotation>-1.0199092105324947e-15 -3.8966558858012337e-16 1.0000000000000002 0.073566663902299489 0.99729030174883682 4.6364103051831296e-16 -0.99729030174883682 0.073566663902299489 -9.8847916693900393e-16</Rotation>
<Translation>-7.6376912588785917 19.260304532082898 21.9220780665677</Translation>
</Transform>
<VisualProperties>
<Ambient r="0.070588235294117646" g="0.070588235294117646" b="0.070588235294117646" a="1"/>
<Diffuse r="0.070588235294117646" g="0.070588235294117646" b="0.070588235294117646" a="1"/>
<Specular r="1" g="1" b="1" a="1"/>
<Emissive r="0" g="0" b="0" a="1"/>
<Shininess>0.10000000000000001</Shininess>
</VisualProperties>
</Instance>
<Instance name="ServooHolderFinal:1" uid="ServooHolderFinal:1" entityUid="ServooHolderFinal.ipt_{6EB31506-48B3-B452-7933-DEA8E577DE50}">
<Transform>
<Rotation>0 -1.2633058959219413e-15 1 -0.99999999999999978 -2.4813484600372249e-14 0 2.4813484600372249e-14 -0.99999999999999978 -1.2633058959219397e-15</Rotation>
<Translation>-1.3376912588786798 3.7338486677263223 16.927150428600498</Translation>
</Transform>
</Instance>
<Instance name="FeeTech FS5109M Metal Gear Servo Outer volume:1" uid="FeeTech FS5109M Metal Gear Servo Outer volume:1" entityUid="FeeTech FS5109M Metal Gear Servo Outer volume.ipt_{236829DF-41EF-B37D-66A3-3DAA6C66C639}">
<Transform>
<Rotation>1.2633058959219602e-15 -1 -4.7488642876396714e-16 2.3425705819590803e-14 4.7488642876399653e-16 -0.99999999999999978 0.99999999999999978 1.2633058959219486e-15 2.3425705819590803e-14</Rotation>
<Translation>1.5973087411213189 0.59072461742307603 19.312150428600496</Translation>
</Transform>
</Instance>
<Instance name="ISO 7045 H M4 x 8 - 4.8 - H:1" uid="ISO 7045 H M4 x 8 - 4.8 - H:1" entityUid="ISO 7045 - M4 x 8_ - 4.8 - H - ISO.ipt_{4FF3B851-47C9-CFA4-8EAB-0287071813C0}">
<Transform>
<Rotation>-1 9.5152400126846427e-16 1.7316008561380699e-15 8.9218886957121368e-16 -0.56449833275660788 0.82543420835037473 1.7629062570032706e-15 0.82543420835037473 0.56449833275660788</Rotation>
<Translation>-1.0826912588786808 2.5477246174230626 18.812150428600493</Translation>
</Transform>
</Instance>
<Instance name="ISO 7045 H M4 x 8 - 4.8 - H:2" uid="ISO 7045 H M4 x 8 - 4.8 - H:2" entityUid="ISO 7045 - M4 x 8_ - 4.8 - H - ISO.ipt_{4FF3B851-47C9-CFA4-8EAB-0287071813C0}">
<Transform>
<Rotation>-1 1.5258975573944974e-15 -1.0849665742027904e-15 6.3061664410206635e-16 0.82012203182496413 0.57218865150865406 1.76290625700327e-15 0.57218865150865406 -0.82012203182496413</Rotation>
<Translation>-1.0826912588786808 2.547724617423091 19.8121504286005</Translation>
</Transform>
</Instance>
<Instance name="ISO 7045 H M4 x 8 - 4.8 - H:3" uid="ISO 7045 H M4 x 8 - 4.8 - H:3" entityUid="ISO 7045 - M4 x 8_ - 4.8 - H - ISO.ipt_{4FF3B851-47C9-CFA4-8EAB-0287071813C0}">
<Transform>
<Rotation>-1 0 -1.7693394518894794e-15 1.6563937847954434e-16 0.99849321226478449 -0.054875359325947115 1.7629062570032742e-15 -0.054875359325947115 -0.99849321226478449</Rotation>
<Translation>-1.0826912588786808 -2.4022753825769385 18.812150428600592</Translation>
</Transform>
</Instance>
<Instance name="ISO 7045 H M4 x 8 - 4.8 - H:4" uid="ISO 7045 H M4 x 8 - 4.8 - H:4" entityUid="ISO 7045 - M4 x 8_ - 4.8 - H - ISO.ipt_{4FF3B851-47C9-CFA4-8EAB-0287071813C0}">
<Transform>
<Rotation>-1 1.3741713002448405e-16 -1.76290625700327e-15 1.3741713002448387e-16 0.99999999999999978 0 1.7629062570032698e-15 0 -0.99999999999999978</Rotation>
<Translation>-1.0826912588786808 -2.4022753825769083 19.812150428600596</Translation>
</Transform>
</Instance>
<Instance name="ISO 7045 H M5 x 20 - 4.8 - H:1" uid="ISO 7045 H M5 x 20 - 4.8 - H:1" entityUid="ISO 7045 - M5 x 20_ - 4.8 - H - ISO.ipt_{0122CE67-4703-113B-1C8D-AEB9A2920119}">
<Transform>
<Rotation>-1.1657341758564201e-15 -0.99997889367136361 0.0064970925648146572 -2.2204460492503131e-15 0.0064970925648146563 0.99997889367136328 -0.99999999999999978 1.1509890263106115e-15 -2.2204460492503131e-15</Rotation>
<Translation>-8.3376912588785874 18.433848667726298 17.527150428600596</Translation>
</Transform>
</Instance>
<Instance name="ISO 7045 H M5 x 20 - 4.8 - H:2" uid="ISO 7045 H M5 x 20 - 4.8 - H:2" entityUid="ISO 7045 - M5 x 20_ - 4.8 - H - ISO.ipt_{0122CE67-4703-113B-1C8D-AEB9A2920119}">
<Transform>
<Rotation>-1.1657341758564201e-15 -0.99997889367136361 0.0064970925648146572 -2.2204460492503131e-15 0.0064970925648146563 0.99997889367136328 -0.99999999999999978 1.1509890263106115e-15 -2.2204460492503131e-15</Rotation>
<Translation>-8.3376912588785874 21.633848667726294 17.527150428600596</Translation>
</Transform>
</Instance>
<Instance name="ISO 7045 H M5 x 20 - 4.8 - H:3" uid="ISO 7045 H M5 x 20 - 4.8 - H:3" entityUid="ISO 7045 - M5 x 20_ - 4.8 - H - ISO.ipt_{0122CE67-4703-113B-1C8D-AEB9A2920119}">
<Transform>
<Rotation>-1.33764137151028e-15 -0.99997889367136361 0.0064970925648146875 -2.3314683517128287e-15 0.0064970925648146858 0.99997889367136328 -0.99999999999999978 1.321859288694327e-15 -2.4424906541753444e-15</Rotation>
<Translation>-2.3376912588786993 18.433848667726402 17.527150428600599</Translation>
</Transform>
</Instance>
<Instance name="ISO 7045 H M5 x 20 - 4.8 - H:4" uid="ISO 7045 H M5 x 20 - 4.8 - H:4" entityUid="ISO 7045 - M5 x 20_ - 4.8 - H - ISO.ipt_{0122CE67-4703-113B-1C8D-AEB9A2920119}">
<Transform>
<Rotation>-1.33764137151028e-15 -0.99997889367136361 0.0064970925648146875 -2.3314683517128287e-15 0.0064970925648146858 0.99997889367136328 -0.99999999999999978 1.321859288694327e-15 -2.4424906541753444e-15</Rotation>
<Translation>-2.3376912588786993 21.633848667726397 17.527150428600599</Translation>
</Transform>
</Instance>
<Instance name="Supporterrrree:1" uid="Supporterrrree:1" entityUid="Supporterrrre.ipt_{3C7E1839-4652-6D23-7B35-86A9FC05C4C8}">
<Transform>
<Rotation>2.9143354396410852e-16 -2.9797580358326507e-15 -1 0.99999999999999978 -2.4980018054066022e-15 2.9143354396411602e-16 -2.4980018054066022e-15 -0.99999999999999978 2.9797580358326491e-15</Rotation>
<Translation>-2.837691258878861 -4.2754465240032982 16.927150428600594</Translation>
</Transform>
<VisualProperties>
<Ambient r="0.019607843137254902" g="0.019607843137254902" b="0.019607843137254902" a="1"/>
<Diffuse r="0.019607843137254902" g="0.019607843137254902" b="0.019607843137254902" a="1"/>
<Specular r="1" g="1" b="1" a="1"/>
<Emissive r="0" g="0" b="0" a="1"/>
<Shininess>0.10000000000000001</Shininess>
</VisualProperties>
</Instance>
<Instance name="ISO 7045 H M6 x 12 - 4.8 - H:1" uid="ISO 7045 H M6 x 12 - 4.8 - H:1" entityUid="ISO 7045 - M6 x 12_ - 4.8 - H - ISO.ipt_{A2352F37-4CC6-E162-217C-E28649131C62}">
<Transform>
<Rotation>3.7187884148090827e-16 -0.78961440169928621 -0.6136033707771481 2.4980018054066022e-15 0.61360337077714799 -0.78961440169928609 0.99999999999999978 -1.27675647831893e-15 2.2204460492503131e-15</Rotation>
<Translation>-6.3376912588786904 -1.7661513322736582 16.587150428600594</Translation>
</Transform>
</Instance>
<Instance name="ISO 7045 H M6 x 12 - 4.8 - H:2" uid="ISO 7045 H M6 x 12 - 4.8 - H:2" entityUid="ISO 7045 - M6 x 12_ - 4.8 - H - ISO.ipt_{A2352F37-4CC6-E162-217C-E28649131C62}">
<Transform>
<Rotation>8.2663867370284969e-16 2.9143354396410192e-16 -1 2.4980018054066022e-15 0.99999999999999978 2.9143354396410399e-16 0.99999999999999978 -2.4980018054066022e-15 8.266386737028488e-16</Rotation>
<Translation>-4.3376912588786976 -1.7661513322736582 16.587150428600594</Translation>
</Transform>
</Instance>
<Instance name="ISO 7045 H M6 x 10 - 4.8 - H:1" uid="ISO 7045 H M6 x 10 - 4.8 - H:1" entityUid="ISO 7045 - M6 x 10_ - 4.8 - H - ISO.ipt_{071B497C-495E-9EF8-1778-B8875B4923C8}">
<Transform>
<Rotation>-2.3789825202699141e-16 0.78496667776475504 -0.61953798495246704 0.99999999999999978 -1.3322676295501878e-15 -2.1094237467877974e-15 -2.4980018054066022e-15 -0.61953798495246692 -0.78496667776475482</Rotation>
<Translation>-6.3376912588787011 -4.2661513322736457 19.087150428600594</Translation>
</Transform>
</Instance>
<Instance name="ISO 7045 H M6 x 10 - 4.8 - H:2" uid="ISO 7045 H M6 x 10 - 4.8 - H:2" entityUid="ISO 7045 - M6 x 10_ - 4.8 - H - ISO.ipt_{071B497C-495E-9EF8-1778-B8875B4923C8}">
<Transform>
<Rotation>1.8229673221540188e-16 -0.98654723317855098 -0.16347647141942501 0.99999999999999978 -2.0816681711721685e-16 2.4424906541753444e-15 -2.4980018054066022e-15 -0.16347647141942501 0.98654723317855086</Rotation>
<Translation>-4.3376912588786904 -4.2661513322736493 19.087150428600598</Translation>
</Transform>
</Instance>
</Instance>
<Instance name="P2:1" uid="P2:1" entityUid="P2.iam_{812A411F-496B-74F9-E96F-AB9FCF077C13}" rigid="true">
<Transform>
<Rotation>1 9.2636790094004382e-16 -1.7876531443582236e-16 -9.3427245304080857e-16 0.9459473111859712 -0.32432034234693274 -1.3133738624820318e-16 0.32432034234693274 0.9459473111859712</Rotation>
<Translation>-13.499274990440508 -4.6785661148740365 -26.752039069772856</Translation>
</Transform>
<Instance name="Arm:1" grounded="true" uid="Arm:1" entityUid="Arm.ipt_{520A5955-4B5E-4DBE-8EB2-6A94C6384112}">
<Transform>
<Rotation>1 -5.3333884631025982e-16 9.3581840231480877e-16 2.1860757355712263e-16 0.9512192697687738 0.30851564112790292 -1.0547118733938987e-15 -0.30851564112790292 0.9512192697687738</Rotation>
<Translation>-5.8476912588785908 20.033848667726403 18.927150428600605</Translation>
</Transform>
</Instance>
<Instance name="ISO 7045 H M8 x 35 - 4.8 - H:1" uid="ISO 7045 H M8 x 35 - 4.8 - H:1" entityUid="ISO 7045 - M8 x 35_ - 4.8 - H - ISO.ipt_{9B637DFA-4A30-0F32-8A25-F691EEC8582D}">
<Transform>
<Rotation>1 0 1.0654045721575203e-15 3.3093844948243471e-16 0.93431744111130932 -0.35644202787440105 -1.0140495707705815e-15 0.35644202787440105 0.93431744111130932</Rotation>
<Translation>-5.8476912588785801 18.954379627417602 22.778740566584304</Translation>
</Transform>
</Instance>
<Instance name="ISO 7093 A ST 8 - 140 HV - A:1" uid="ISO 7093 A ST 8 - 140 HV - A:1" entityUid="ISO 7093 A - ST 8 - 140 HV.ipt_{648BA1CE-4EDD-BEFB-C27C-6A8374CB794C}">
<Transform>
<Rotation>1 2.48495042548327e-16 2.200018171072681e-15 -7.6541983984643762e-16 0.97121232674685609 0.23821548307143703 -2.0774894002113539e-15 -0.23821548307143703 0.97121232674685609</Rotation>
<Translation>-3.817691258878682 18.954379627417602 22.778740566584304</Translation>
</Transform>
</Instance>
<Instance name="ISO 4033 M8:1" uid="ISO 4033 M8:1" entityUid="ISO 4033 - M8 - ISO.ipt_{C4BDDA9F-48AD-F003-70E6-36BCCE57A94B}">
<Transform>
<Rotation>-1 -2.5545182945942306e-16 2.20541009084301e-15 7.8391388709523926e-16 -0.97000239004236666 0.24309537904307493 2.0771538998315868e-15 0.24309537904307493 0.97000239004236666</Rotation>
<Translation>-2.8676912588786792 18.954379627417602 22.778740566584304</Translation>
</Transform>
</Instance>
</Instance>
<Instance name="P3:1" uid="P3:1" entityUid="P3.iam_{639CE87A-4E77-7771-3E93-88BF7C645C3D}" rigid="true">
<Transform>
<Rotation>1 2.3764440043759997e-15 1.0037273916664617e-15 -2.544485994228793e-15 0.84453434350202505 0.53550139369156047 4.2490682259726558e-16 -0.53550139369156047 0.84453434350202505</Rotation>
<Translation>-13.489274990440526 -22.342002484980458 -8.144591792034003</Translation>
</Transform>
<Instance name="ConnectingRodtoTheArm:1" grounded="true" uid="ConnectingRodtoTheArm:1" entityUid="ConnectingRodtoTheArm.ipt_{27C26D7E-4761-AAD6-B3EB-FF8A39411B0B}">
<Transform>
<Rotation>2.1109360235407212e-15 6.078482419030396e-16 -1 0.029486780420054259 0.99956517035181824 6.6982863847279283e-16 0.99956517035181824 -0.029486780420054259 2.0920946383345596e-15</Rotation>
<Translation>-3.8176912588786802 18.954379627417605 22.778740566584311</Translation>
</Transform>
<VisualProperties>
<Ambient r="0.070588235294117646" g="0.070588235294117646" b="0.070588235294117646" a="1"/>
<Diffuse r="0.070588235294117646" g="0.070588235294117646" b="0.070588235294117646" a="1"/>
<Specular r="1" g="1" b="1" a="1"/>
<Emissive r="0" g="0" b="0" a="1"/>
<Shininess>0.10000000000000001</Shininess>
</VisualProperties>
</Instance>
<Instance name="ISO 7045 H M8 x 35 - 4.8 - H:2" uid="ISO 7045 H M8 x 35 - 4.8 - H:2" entityUid="ISO 7045 - M8 x 35_ - 4.8 - H - ISO.ipt_{F77C2F52-481E-07D7-E38D-C7AC0F32FED9}">
<Transform>
<Rotation>1 2.1234650091421219e-15 6.5600125274951531e-16 -7.5429607618698734e-16 0.60191771285482698 -0.7985581174539611 -2.0905689938647804e-15 0.7985581174539611 0.60191771285482698</Rotation>
<Translation>-4.837691258878694 0.96220656108474856 23.309502614145305</Translation>
</Transform>
</Instance>
<Instance name="ISO 7093 A ST 8 - 140 HV - A:2" uid="ISO 7093 A ST 8 - 140 HV - A:2" entityUid="ISO 7093 A - ST 8 - 140 HV.ipt_{3D369285-4E7E-7295-04E2-44878137503A}">
<Transform>
<Rotation>1 1.4552272220414597e-15 -3.293235275675828e-16 -1.1577509865623247e-16 -0.14437479472470799 -0.98952307635961612 -1.4875269342473098e-15 0.98952307635961612 -0.14437479472470799</Rotation>
<Translation>-2.7976912588786913 0.9622065610847379 23.309502614145309</Translation>
</Transform>
</Instance>
<Instance name="ISO 4034 M8:13" uid="ISO 4034 M8:13" entityUid="ISO 4034 - M8 - ISO.ipt_{737DC559-4362-714C-54D0-0FB799FE52A3}">
<Transform>
<Rotation>-1 -1.4371309751297688e-15 4.0099234749742413e-16 1.1577513600171985e-16 -0.34268772548324999 -0.93944937213407997 1.48752694776018e-15 -0.93944937213407997 0.34268772548324999</Rotation>
<Translation>-1.8076912588786893 0.9622065610847379 23.309502614145305</Translation>
</Transform>
</Instance>
</Instance>
<Instance name="P4:1" uid="P4:1" entityUid="P4.iam_{B58FE3E0-4894-3D53-50D6-EBAADEB01605}" rigid="true">
<Transform>
<Rotation>1 2.846308571630774e-15 -1.7476367538646916e-15 -3.0883378097791328e-15 0.98723304749751173 -0.15928248468923392 1.271957656954884e-15 0.15928248468923392 0.98723304749751173</Rotation>
<Translation>-13.489274990440475 -6.2842414848400772 -12.139353212165817</Translation>
</Transform>
<Instance name="Cranck:1" grounded="true" uid="Cranck:1" entityUid="Cranck.ipt_{24DF734B-4229-218F-6F9D-2C9582FC6B12}">
<Transform>
<Rotation>2.0270089048549024e-15 1.6913295461462477e-15 -1.0000000000000002 -0.036379514084583314 0.9993380463861915 1.6164683654372906e-15 0.9993380463861915 0.036379514084583314 2.0871968660308107e-15</Rotation>
<Translation>-2.7976912588787002 1.1077246174230808 19.312150428600503</Translation>
</Transform>
<VisualProperties>
<Ambient r="0.31372549019607843" g="0.31372549019607843" b="0.31372549019607843" a="1"/>
<Diffuse r="0.31372549019607843" g="0.31372549019607843" b="0.31372549019607843" a="1"/>
<Specular r="1" g="1" b="1" a="1"/>
<Emissive r="0" g="0" b="0" a="1"/>
<Shininess>0.10000000000000001</Shininess>
</VisualProperties>
</Instance>
<Instance name="CranckCouplerFromServo:1" uid="CranckCouplerFromServo:1" entityUid="CranckCouplerFromServo.ipt_{3951749A-4E47-0BE6-D856-1BA1BE654C18}">
<Transform>
<Rotation>-1.1068654713154238e-15 1.5378110683042388e-15 1 0.53517101109180298 0.84474374154945797 -7.0669396220901123e-16 -0.84474374154945797 0.53517101109180298 -1.7580095839234404e-15</Rotation>
<Translation>-4.3176912588786784 1.1077246174230782 19.312150428600503</Translation>
</Transform>
</Instance>
<Instance name="ISO 7045 H M2 x 16 - 4.8 - H:2" uid="ISO 7045 H M2 x 16 - 4.8 - H:2" entityUid="ISO 7045 - M2 x 16_ - 4.8 - H - ISO.ipt_{B79906EC-48B7-F7FA-1BE4-72B6E7798D81}">
<Transform>
<Rotation>1 -4.6882934630436345e-16 2.2146974494214497e-15 -1.1776162338969304e-15 0.72779499780079004 0.68579475149358515 -1.9333664303728006e-15 -0.68579475149358515 0.72779499780079004</Rotation>
<Translation>-4.3176912588786784 0.67958780854962075 19.987945421840102</Translation>
</Transform>
</Instance>
<Instance name="ISO 7045 H M2 x 16 - 4.8 - H:4" uid="ISO 7045 H M2 x 16 - 4.8 - H:4" entityUid="ISO 7045 - M2 x 16_ - 4.8 - H - ISO.ipt_{B79906EC-48B7-F7FA-1BE4-72B6E7798D81}">
<Transform>
<Rotation>1 -9.9336827415694782e-16 2.0341844451526712e-15 -1.1776165366319282e-15 0.53915825447640209 0.8422044743587862 -1.9333665399126091e-15 -0.8422044743587862 0.53915825447640209</Rotation>
<Translation>-4.3176912588786784 1.5358614262965204 18.636355435360905</Translation>
</Transform>
</Instance>
</Instance>
</InstanceTree>
<Constraints>
<Coincident name="Mate:1">
<ConstraintGeometry geomType="cylinder">
<InstancePath>
<Uid>P2:1</Uid>
</InstancePath>
<Position>-5.8476912588785908 20.033848667726403 18.927150428600605</Position>
<Axis>1 2.1860757355712263e-16 -1.0547118733938987e-15</Axis>
</ConstraintGeometry>
<ConstraintGeometry geomType="cylinder">
<InstancePath>
<Uid>base:1</Uid>
</InstancePath>
<Position>-1.6376912588785881 20.033848667726389 18.927150428600601</Position>
<Axis>-1 -3.5212334811613506e-16 1.3587414944550095e-15</Axis>
</ConstraintGeometry>
</Coincident>
<Coincident name="Mate:2">
<ConstraintGeometry geomType="plane">
<InstancePath>
<Uid>P2:1</Uid>
</InstancePath>
<Position>-5.8476912588785943 18.731234277204852 16.767416431035741</Position>
<Axis>1 2.1860757355712263e-16 -1.0547118733938987e-15</Axis>
</ConstraintGeometry>
<ConstraintGeometry geomType="plane">
<InstancePath>
<Uid>base:1</Uid>
</InstancePath>
<Position>-5.8476912588785925 20.033848667726293 18.927150428600541</Position>
<Axis>1 4.6364103051831276e-16 -9.8847916693900334e-16</Axis>
</ConstraintGeometry>
</Coincident>
<Coincident name="Mate:3">
<ConstraintGeometry geomType="cylinder">
<InstancePath>
<Uid>P3:1</Uid>
</InstancePath>
<Position>-3.8176912588786802 18.954379627417605 22.778740566584311</Position>
<Axis>-1 6.6982863847279371e-16 2.09209463833456e-15</Axis>
</ConstraintGeometry>
<ConstraintGeometry geomType="cylinder">
<InstancePath>
<Uid>P2:1</Uid>
</InstancePath>
<Position>-3.9726912588785801 18.954379627417602 22.7787405665843</Position>
<Axis>1 3.3093844948243471e-16 -1.0140495707705815e-15</Axis>
</ConstraintGeometry>
</Coincident>
<Coincident name="Mate:4">
<ConstraintGeometry geomType="plane">
<InstancePath>
<Uid>P3:1</Uid>
</InstancePath>
<Position>-4.8376912588786869 9.9582930942512391 23.044121590364803</Position>
<Axis>-1 6.6982863847279371e-16 2.09209463833456e-15</Axis>
</ConstraintGeometry>
<ConstraintGeometry geomType="plane">
<InstancePath>
<Uid>P2:1</Uid>
</InstancePath>
<Position>-4.8276912588785947 18.731234277204852 16.767416431035741</Position>
<Axis>1 2.1860757355712263e-16 -1.0547118733938987e-15</Axis>
</ConstraintGeometry>
</Coincident>
<Coincident name="Mate:5">
<ConstraintGeometry geomType="cylinder">
<InstancePath>
<Uid>P4:1</Uid>
</InstancePath>
<Position>-2.7976912588786931 0.96220656108474767 23.309502614145273</Position>
<Axis>-1 1.6164683654372906e-15 2.0871968660308099e-15</Axis>
</ConstraintGeometry>
<ConstraintGeometry geomType="cylinder">
<InstancePath>
<Uid>P3:1</Uid>
</InstancePath>
<Position>-2.962691258878694 0.96220656108474678 23.309502614145302</Position>
<Axis>1 -7.5429607618698734e-16 -2.0905689938647804e-15</Axis>
</ConstraintGeometry>
</Coincident>
<Coincident name="Mate:6">
<ConstraintGeometry geomType="plane">
<InstancePath>
<Uid>P4:1</Uid>
</InstancePath>
<Position>-3.8176912588786962 1.0395130285144862 21.185909265574615</Position>
<Axis>-1 1.6164683654372906e-15 2.0871968660308099e-15</Axis>
</ConstraintGeometry>
<ConstraintGeometry geomType="plane">
<InstancePath>
<Uid>P3:1</Uid>
</InstancePath>
<Position>-3.8176912588786838 9.9582930942512391 23.044121590364799</Position>
<Axis>-1 6.6982863847279371e-16 2.09209463833456e-15</Axis>
</ConstraintGeometry>
</Coincident>
<Coincident name="Mate:7">
<ConstraintGeometry geomType="cylinder">
<InstancePath>
<Uid>base:1</Uid>
</InstancePath>
<Position>-2.5426912588786781 1.1077246174230773 19.312150428600489</Position>
<Axis>1 -4.7488642876399672e-16 -1.2633058959219484e-15</Axis>
</ConstraintGeometry>
<ConstraintGeometry geomType="cylinder">
<InstancePath>
<Uid>P4:1</Uid>
</InstancePath>
<Position>-3.8176912588786784 1.1077246174230782 19.312150428600503</Position>
<Axis>1 -7.0669396220901143e-16 -1.7580095839234396e-15</Axis>
</ConstraintGeometry>
</Coincident>
<Distance name="Mate:8">
<ConstraintGeometry geomType="plane">
<InstancePath>
<Uid>base:1</Uid>
</InstancePath>
<Position>-2.20269125887868 1.1077246174230773 19.312150428600489</Position>
<Axis>-1 4.7488642876399672e-16 1.2633058959219484e-15</Axis>
</ConstraintGeometry>
<ConstraintGeometry geomType="plane">
<InstancePath>
<Uid>P4:1</Uid>
</InstancePath>
<Position>-2.2426912588786809 1.1077246174230782 19.312150428600503</Position>
<Axis>1 -7.0669396220901143e-16 -1.7580095839234396e-15</Axis>
</ConstraintGeometry>
</Distance>
</Constraints>
<Joints>
</Joints>
</RootAssembly>
<Assemblies>
<Assembly name="base.iam" uid="base.iam_{2A150FB4-4BF0-62B0-6AB4-A8881418ADF0}" version="{108D0748-0978-EDBA-8260-A1EE4D9A9B09}">
<ModelUnits mass="lbmass" length="millimeter"/>
<AssemblyFile name="Assembly1.iam*LocalDocs*xO4d55bbrJazoe3g3L0g200jgTg*base.iam" type="Inventor Assembly"/>
</Assembly>
<Assembly name="P2.iam" uid="P2.iam_{812A411F-496B-74F9-E96F-AB9FCF077C13}" version="{5EDD6F5C-203C-3C53-D0DB-F17DA58BFB29}">
<ModelUnits mass="lbmass" length="millimeter"/>
<AssemblyFile name="Assembly1.iam*LocalDocs*x2wrcfpknMwhmu54m4ceyffhm3d*P2.iam" type="Inventor Assembly"/>
</Assembly>
<Assembly name="P3.iam" uid="P3.iam_{639CE87A-4E77-7771-3E93-88BF7C645C3D}" version="{70B445DB-A6AA-363C-C9D5-4B9B0B077A9F}">
<ModelUnits mass="lbmass" length="millimeter"/>
<AssemblyFile name="Assembly1.iam*LocalDocs*x4d45bxzaLxldeqgiRcikcozx4a*P3.iam" type="Inventor Assembly"/>
</Assembly>
<Assembly name="P4.iam" uid="P4.iam_{B58FE3E0-4894-3D53-50D6-EBAADEB01605}" version="{B9D94EE9-E6A0-FC32-399B-306A3DBFEEDD}">
<ModelUnits mass="lbmass" length="millimeter"/>
<AssemblyFile name="Assembly1.iam*LocalDocs*x5fy1z5su3ilwudsaLw4xtvsoEa*P4.iam" type="Inventor Assembly"/>
</Assembly>
</Assemblies>
<Parts>
<Part name="Arm.ipt" uid="Arm.ipt_{520A5955-4B5E-4DBE-8EB2-6A94C6384112}" version="{352F87A6-3AFB-7807-634C-5884BC960E7A}">
<ModelUnits mass="lbmass" length="millimeter"/>
<PartFile name="Assembly1.iam*LocalDocs*xM5at1lxcKsd2e4oxH3ksr40h4h*Arm.ipt" type="Inventor Part"/>
<MassProperties>
<Mass>0.02994071835201579</Mass>
<CenterOfMass>0.51000000000000012 -0.1007190777140866 -2.2458822582851137</CenterOfMass>
<Inertia>0.34860021298218263 0.31769354245409509 0.036098391090327024 0.049202833257570314 0 0</Inertia>
</MassProperties>
<GeometryFile name="Arm_ipt_e8a4497c.STEP" type="STEP"/>
<VisualProperties>
<Ambient r="0.74901960784313726" g="0.74901960784313726" b="0.74901960784313726" a="1"/>
<Diffuse r="0.74901960784313726" g="0.74901960784313726" b="0.74901960784313726" a="1"/>
<Specular r="0" g="0" b="0" a="1"/>
<Emissive r="0" g="0" b="0" a="1"/>
<Shininess>0.14999999999999999</Shininess>
</VisualProperties>
</Part>
<Part name="ArmSupporterFinal.ipt" uid="ArmSupporterFinal.ipt_{74DB46D0-46AA-3197-ADCE-0285EAFB7CB1}" version="{51415FF4-E69E-6EDC-990C-554E2A30D6D1}">
<ModelUnits mass="lbmass" length="millimeter"/>
<PartFile name="Assembly1.iam*LocalDocs*x5zypcuaxVkfne0wxFr4tvtebPd*ArmSupporterFinal.ipt" type="Inventor Part"/>
<MassProperties>
<Mass>0.0058119464091408689</Mass>
<CenterOfMass>-1.0456800362793018e-10 0.78994652406416999 -3.7000000000000006</CenterOfMass>
<Inertia>0.026885095454406979 0.026885095360582298 0.00072649325423025689 0 0 0</Inertia>
</MassProperties>
<GeometryFile name="ArmSupporterFinal_ipt_69713a32.STEP" type="STEP"/>
<VisualProperties>
<Ambient r="0.74901960784313726" g="0.74901960784313726" b="0.74901960784313726" a="1"/>
<Diffuse r="0.74901960784313726" g="0.74901960784313726" b="0.74901960784313726" a="1"/>
<Specular r="0" g="0" b="0" a="1"/>
<Emissive r="0" g="0" b="0" a="1"/>
<Shininess>0.14999999999999999</Shininess>
</VisualProperties>
</Part>
<Part name="ConnectingRodtoTheArm.ipt" uid="ConnectingRodtoTheArm.ipt_{27C26D7E-4761-AAD6-B3EB-FF8A39411B0B}" version="{87A57DED-FA0C-6358-7FE8-D7DD87C00840}">
<ModelUnits mass="lbmass" length="millimeter"/>
<PartFile name="Assembly1.iam*LocalDocs*xO3sunuhoO343uvsfBbpjbt5aId*ConnectingRodtoTheArm.ipt" type="Inventor Part"/>
<MassProperties>
<Mass>0.027740276531666285</Mass>
<CenterOfMass>3.0197765237420004e-12 -9 0.5099999999999999</CenterOfMass>
<Inertia>0.77268831777922287 0.007722168688386221 0.77560032251701749 0 0 0</Inertia>
</MassProperties>
<GeometryFile name="ConnectingRodtoTheArm_ipt_bdc572fd.STEP" type="STEP"/>
</Part>
<Part name="Cranck.ipt" uid="Cranck.ipt_{24DF734B-4229-218F-6F9D-2C9582FC6B12}" version="{1DC26510-A0DE-F2B1-FB51-C5F4FE018D56}">
<ModelUnits mass="lbmass" length="millimeter"/>
<PartFile name="Assembly1.iam*LocalDocs*xVpbzfjs1Ljgvun4uSwsyezj2Jf*Cranck.ipt" type="Inventor Part"/>
<MassProperties>
<Mass>0.0077667960442177105</Mass>
<CenterOfMass>1.7554542740040266 0 0.51000000000000001</CenterOfMass>
<Inertia>0.002876890088732628 0.016399543900448489 0.017929671555113765 0 0 0</Inertia>
</MassProperties>
<GeometryFile name="Cranck_ipt_11981556.STEP" type="STEP"/>
</Part>
<Part name="CranckCouplerFromServo.ipt" uid="CranckCouplerFromServo.ipt_{3951749A-4E47-0BE6-D856-1BA1BE654C18}" version="{328AE816-CA4A-31EE-AE05-69332AE163F8}">
<ModelUnits mass="lbmass" length="millimeter"/>
<PartFile name="Assembly1.iam*LocalDocs*xUjxidulsZ5ohe5o4Qqigkd3pAa*CranckCouplerFromServo.ipt" type="Inventor Part"/>
<MassProperties>
<Mass>0.0024808489806723254</Mass>
<CenterOfMass>-7.8608986525655725e-06 1.0700557532305811e-08 0.66042558114000349</CenterOfMass>
<Inertia>0.0012001116350071467 0.0012022004933671426 0.00082847520022137492 1.7394160735871975e-11 1.5566854511140503e-08 2.2087455531656215e-09</Inertia>
</MassProperties>
<GeometryFile name="CranckCouplerFromServo_ipt_f0ec37c8.STEP" type="STEP"/>
<VisualProperties>
<Ambient r="0.74901960784313726" g="0.74901960784313726" b="0.74901960784313726" a="1"/>
<Diffuse r="0.74901960784313726" g="0.74901960784313726" b="0.74901960784313726" a="1"/>
<Specular r="0" g="0" b="0" a="1"/>
<Emissive r="0" g="0" b="0" a="1"/>
<Shininess>0.14999999999999999</Shininess>
</VisualProperties>
</Part>
<Part name="FeeTech FS5109M Metal Gear Servo Outer volume.ipt" uid="FeeTech FS5109M Metal Gear Servo Outer volume.ipt_{236829DF-41EF-B37D-66A3-3DAA6C66C639}" version="{14DCA010-9194-1324-0E19-E23940584C55}">
<ModelUnits mass="lbmass" length="millimeter"/>
<PartFile name="Assembly1.iam*LocalDocs*x4qfiti2c3lzae3coKl2ntuweCf*FeeTech FS5109M Metal Gear Servo Outer volume.ipt" type="Inventor Part"/>
<MassProperties>
<Mass>0.029669865286344268</Mass>
<CenterOfMass>-1.0776733497310797e-15 1.8127322686524567 0.50412259188903252</CenterOfMass>
<Inertia>0.074112307752549886 0.051921609057501684 0.041547742004233015 0.00076023284098026872 0 0</Inertia>
</MassProperties>
<GeometryFile name="FeeTech FS5109M Metal Gear Servo Outer volume_ipt_9c2cd531.STEP" type="STEP"/>
<VisualProperties>
<Ambient r="0.74901960784313726" g="0.74901960784313726" b="0.74901960784313726" a="1"/>
<Diffuse r="0.74901960784313726" g="0.74901960784313726" b="0.74901960784313726" a="1"/>
<Specular r="0" g="0" b="0" a="1"/>
<Emissive r="0" g="0" b="0" a="1"/>
<Shininess>0.14999999999999999</Shininess>
</VisualProperties>
</Part>
<Part name="Fixer.ipt" uid="Fixer.ipt_{C47674CC-4697-D059-6C98-72821B3BB866}" version="{2EFC1C62-0D15-8054-A002-5C992FD7E973}">
<ModelUnits mass="lbmass" length="millimeter"/>
<PartFile name="Assembly1.iam*LocalDocs*xSldt2azhYtyfea4dP1l5q1maRf*Fixer.ipt" type="Inventor Part"/>
<MassProperties>
<Mass>0.0009700452716121464</Mass>
<CenterOfMass>3.0437193487401712 0.5511212294978064 0.89500000000000079</CenterOfMass>
<Inertia>0.00042209904305208013 0.00042209900092709239 0.00032617770151709455 0 0 0</Inertia>
</MassProperties>
