<?xml version="1.0" encoding="UTF-8" standalone="no" ?>
<SimscapeMultibodyImportXML version="2.0" xmlns="urn:mathworks:SimscapeMultibody:import" xmlns:xsi="http://www.w3.org/2001/XMLSchema-instance">
<Created by="Mohamed Teleb" on="11/16/21||10:20:51" using="Simscape Multibody Link Version 7.0" from="Autodesk Inventor 2019 (Build 230136000, 136)"/>
<ModelUnits mass="kilogram" length="millimeter"/>
<DataUnits mass="kilogram" length="centimeter"/>
<RootAssembly name="Assembly.iam" uid="Assembly.iam_{F7B53020-4354-60C0-2996-239834D66079}" version="{884CF4C1-58A7-1E74-4F03-E7B9CEF0468E}">
<AssemblyFile name="Assembly.iam" type="Inventor Assembly"/>
<InstanceTree>
<Instance name="Fixed:1" grounded="true" uid="Fixed:1" entityUid="Fixed.iam_{28174A06-402E-65AF-FD60-A5949666A874}" rigid="true">
<Transform>
<Rotation>1 0 0 0 1 0 0 0 1</Rotation>
<Translation>-15.070671253889802 -11.959683952257105 -16.382150428600607</Translation>
</Transform>
<Instance name="Part1:1" grounded="true" uid="Part1:1" entityUid="Part1.ipt_{B75047B3-43E2-2085-FD49-A1BDE68A223E}">
<Transform>
<Rotation>1 0 0 0 1 0 0 0 1</Rotation>
<Translation>-23.337691258878603 3.1338486677263209 6.837150428600669</Translation>
</Transform>
</Instance>
<Instance name="Part4:1" uid="Part4:1" entityUid="Part4.ipt_{AF4CB541-45F3-32A3-2AE9-D3BCB0882DF2}">
<Transform>
<Rotation>0.98837275982548234 0.15205027995686005 1.37872642085985e-15 0.15205027995686005 -0.98837275982548234 -1.4566696719609305e-16 1.3405469344869267e-15 3.5360900065867028e-16 -1</Rotation>
<Translation>9.6623087411214001 5.7338486677263303 15.087150428600701</Translation>
</Transform>
</Instance>
<Instance name="Part7:1" uid="Part7:1" entityUid="Part7.ipt_{91B207D3-483E-2C45-0A3D-C0995E53ADD5}">
<Transform>
<Rotation>1 -3.3306690738754583e-16 -1.1323793842891101e-15 3.3306690738754598e-16 1 1.3643240325675899e-16 1.1323793842891101e-15 -1.3643240325675936e-16 1</Rotation>
<Translation>-20.337691258878603 5.7338486677263205 7.9871504286006711</Translation>
</Transform>
</Instance>
<Instance name="Part1:2" uid="Part1:2" entityUid="Part1.ipt_{B75047B3-43E2-2085-FD49-A1BDE68A223E}">
<Transform>
<Rotation>1 0 -1.4432899320127e-15 0 1 1.5265566588595799e-16 1.4432899320127e-15 -1.5265566588595804e-16 1</Rotation>
<Translation>-23.337691258878603 3.1338486677263209 15.587150428600602</Translation>
</Transform>
</Instance>
<Instance name="Part4:2" uid="Part4:2" entityUid="Part4.ipt_{AF4CB541-45F3-32A3-2AE9-D3BCB0882DF2}">
<Transform>
<Rotation>-0.99159787943401712 0.12935859268699704 1.1763766174751399e-15 0.12935859268699704 0.99159787943401712 -1.5222162435052997e-16 -1.186183734406624e-15 0 -1</Rotation>
<Translation>-20.337691258878603 5.7338486677263205 15.087150428600602</Translation>
</Transform>
</Instance>
<Instance name="SideToConveyer:3" uid="SideToConveyer:3" entityUid="SideToConveyer.ipt_{6FE503EC-4FE5-E997-A2CF-5EBBB0A931CD}">
<Transform>
<Rotation>-1 0 -1.05159546293803e-15 0 1 -2.51150530368507e-15 1.05159546293803e-15 -2.51150530368507e-15 -1</Rotation>
<Translation>8.3541895521132901 3.3008801288327696 16.927150428600601</Translation>
</Transform>
<VisualProperties>
<Ambient r="0.73725490196078436" g="0.7686274509803922" b="0.7803921568627451" a="1"/>
<Diffuse r="0.73725490196078436" g="0.7686274509803922" b="0.7803921568627451" a="1"/>
<Specular r="1" g="1" b="1" a="1"/>
<Emissive r="0" g="0" b="0" a="1"/>
<Shininess>0.10000000000000001</Shininess>
</VisualProperties>
</Instance>
<Instance name="Screw ISO 14583:2011(E) M8x25-4.8:5" uid="Screw ISO 14583:2011(E) M8x25-4.8:5" entityUid="ISO 14583 - M8x25-4.8.ipt_{AD4B2A46-4BF8-B7CB-7989-D8BD0A0E7BD2}">
<Transform>
<Rotation>-4.4756567506317644e-15 0.050465801278390912 0.9987257896446502 -2.0847151325921202e-15 0.9987257896446502 -0.050465801278390912 -1 -2.3079263711498885e-15 -4.3647470028496704e-15</Rotation>
<Translation>-15.837691258878603 6.9338486677263207 16.927150428600701</Translation>
</Transform>
</Instance>
<Instance name="ISO 8738 8:5" uid="ISO 8738 8:5" entityUid="ISO 8738 - 8(2).ipt_{7372837F-48E9-53BD-6FC4-0499F2C13203}">
<Transform>
<Rotation>2.2337909565829028e-15 0.22122036177272589 0.97522384688703356 3.5032701566601189e-15 0.97522384688703356 -0.22122036177272589 -1 3.9106326424025348e-15 1.4034515183762995e-15</Rotation>
<Translation>-15.8376912588785 6.9338486677263305 15.587150428600602</Translation>
</Transform>
</Instance>
<Instance name="ISO 4034 M8:9" uid="ISO 4034 M8:9" entityUid="ISO 4034 - M8 - ISO.ipt_{AAF375EA-4853-B46A-3C8E-7AAB6B8E7BBA}">
<Transform>
<Rotation>-2.7057838821347598e-15 -0.34954580127767299 0.9369192776377 -2.9224173468398906e-15 -0.9369192776377 -0.34954580127767299 1 -3.6838645447221212e-15 1.5135823671245103e-15</Rotation>
<Translation>-15.837691258878603 6.9338486677263305 14.5971504286006</Translation>
</Transform>
</Instance>
<Instance name="Screw ISO 14583:2011(E) M8x25-4.8:6" uid="Screw ISO 14583:2011(E) M8x25-4.8:6" entityUid="ISO 14583 - M8x25-4.8.ipt_{AD4B2A46-4BF8-B7CB-7989-D8BD0A0E7BD2}">
<Transform>
<Rotation>-7.3102078298835418e-15 -0.95584381721202394 0.29387513861765702 -2.5115053036850613e-15 0.29387513861765702 0.95584381721202394 -1 6.2493479874696821e-15 -4.54889515575348e-15</Rotation>
<Translation>5.1623087411213398 6.9338486677263207 16.927150428600601</Translation>
</Transform>
</Instance>
<Instance name="Screw ISO 14583:2011(E) M8x25-4.8:7" uid="Screw ISO 14583:2011(E) M8x25-4.8:7" entityUid="ISO 14583 - M8x25-4.8.ipt_{AD4B2A46-4BF8-B7CB-7989-D8BD0A0E7BD2}">
<Transform>
<Rotation>-6.8115524364646066e-15 0.204445515952243 0.97887794489763702 -2.5115053036850605e-15 0.97887794489763702 -0.204445515952243 -1 -3.8510485025795125e-15 -6.1542124529402793e-15</Rotation>
<Translation>-15.837691258878603 4.5338486677263301 16.927150428600601</Translation>
</Transform>
</Instance>
<Instance name="Screw ISO 14583:2011(E) M8x25-4.8:8" uid="Screw ISO 14583:2011(E) M8x25-4.8:8" entityUid="ISO 14583 - M8x25-4.8.ipt_{AD4B2A46-4BF8-B7CB-7989-D8BD0A0E7BD2}">
<Transform>
<Rotation>-6.0507833091431908e-15 0.18923901690292991 0.9819310538330136 -2.5115053036850601e-15 0.9819310538330136 -0.18923901690292991 -1 -3.6111693344695888e-15 -5.466177236646328e-15</Rotation>
<Translation>5.1623087411213398 4.5338486677263301 16.927150428600601</Translation>
</Transform>
</Instance>
<Instance name="ISO 8738 8:6" uid="ISO 8738 8:6" entityUid="ISO 8738 - 8(2).ipt_{7372837F-48E9-53BD-6FC4-0499F2C13203}">
<Transform>
<Rotation>-4.8337203930768809e-15 0.2315764615306809 0.97281670548203958 2.7180026284055503e-15 0.97281670548203958 -0.2315764615306809 -1 1.5247424977995758e-15 -5.331749379131648e-15</Rotation>
<Translation>-15.837691258878603 4.5338486677263301 15.587150428600602</Translation>
</Transform>
</Instance>
<Instance name="ISO 8738 8:7" uid="ISO 8738 8:7" entityUid="ISO 8738 - 8(2).ipt_{7372837F-48E9-53BD-6FC4-0499F2C13203}">
<Transform>
<Rotation>-4.6980519676793743e-15 0.061646742001581385 0.99809803085698479 2.5094961295682901e-15 0.99809803085698479 -0.061646742001581385 -1 2.2151035478037826e-15 -4.8438186782580296e-15</Rotation>
<Translation>5.1623087411211106 6.9338486677263207 15.587150428600502</Translation>
</Transform>
</Instance>
<Instance name="ISO 8738 8:8" uid="ISO 8738 8:8" entityUid="ISO 8738 - 8(2).ipt_{7372837F-48E9-53BD-6FC4-0499F2C13203}">
<Transform>
<Rotation>-4.7858621800263452e-15 0.25317024553631812 0.96742174193837538 4.0122062387625585e-15 0.96742174193837538 -0.25317024553631812 -1 2.6698576452994437e-15 -5.6457183654879421e-15</Rotation>
<Translation>5.1623087411211106 4.5338486677263301 15.587150428600602</Translation>
</Transform>
</Instance>
<Instance name="ISO 4034 M8:10" uid="ISO 4034 M8:10" entityUid="ISO 4034 - M8 - ISO.ipt_{AAF375EA-4853-B46A-3C8E-7AAB6B8E7BBA}">
<Transform>
<Rotation>2.0045986353458754e-15 0.59049321849815506 -0.80704260042930209 -1.2343335579911864e-15 0.80704260042930209 0.59049321849815506 1 -1.8754213554403565e-16 2.3466620908450603e-15</Rotation>
<Translation>-15.837691258878603 4.5338486677263399 14.5971504286006</Translation>
</Transform>
</Instance>
<Instance name="ISO 4034 M8:11" uid="ISO 4034 M8:11" entityUid="ISO 4034 - M8 - ISO.ipt_{AAF375EA-4853-B46A-3C8E-7AAB6B8E7BBA}">
<Transform>
<Rotation>4.1912516278724549e-15 -0.2743132042465401 -0.96164040367280534 -3.5437687440813386e-15 0.96164040367280534 -0.2743132042465401 1 4.5575468694266692e-15 3.058374348023881e-15</Rotation>
<Translation>5.1623087411211195 6.9338486677263305 14.5971504286005</Translation>
</Transform>
</Instance>
<Instance name="ISO 4034 M8:12" uid="ISO 4034 M8:12" entityUid="ISO 4034 - M8 - ISO.ipt_{AAF375EA-4853-B46A-3C8E-7AAB6B8E7BBA}">
<Transform>
<Rotation>4.1388270959709174e-15 0.00055953151547312224 -0.99999984346222937 -2.9755124409616404e-15 0.99999984346222937 0.00055953151547312224 1 2.9731961709842667e-15 4.1404913410735514e-15</Rotation>
<Translation>5.1623087411211106 4.5338486677263301 14.5971504286006</Translation>
</Transform>
</Instance>
<Instance name="StepperHolder:2" uid="StepperHolder:2" entityUid="StepperHolder.ipt_{9DEE9305-4CA4-425D-A7A0-40899B5A9A4B}">
<Transform>
<Rotation>-1 -1.2965248227674999e-15 0 0 -2.5115053036850601e-15 -1 1.2965248227674999e-15 -1 2.5115053036850601e-15</Rotation>
<Translation>1.1623087411213007 -3.9261513322736601 16.927150428600601</Translation>
</Transform>
<VisualProperties>
<Ambient r="0.73725490196078436" g="0.7686274509803922" b="0.7803921568627451" a="1"/>
<Diffuse r="0.73725490196078436" g="0.7686274509803922" b="0.7803921568627451" a="1"/>
<Specular r="1" g="1" b="1" a="1"/>
<Emissive r="0" g="0" b="0" a="1"/>
<Shininess>0.10000000000000001</Shininess>
</VisualProperties>
</Instance>
<Instance name="SK10:1" uid="SK10:1" entityUid="SK10.ipt_{B2BE76A6-4B4C-4DC1-AFA7-74B268E72107}">
<Transform>
<Rotation>0 1.9055092094628794e-15 -1 -1 2.51150530368507e-15 0 2.51150530368507e-15 1 1.9055092094628798e-15</Rotation>
<Translation>-8.3376912588785892 20.033848667726303 18.867150428600603</Translation>
</Transform>
</Instance>
<Instance name="SK10:2" uid="SK10:2" entityUid="SK10.ipt_{B2BE76A6-4B4C-4DC1-AFA7-74B268E72107}">
<Transform>
<Rotation>0 1.33764137151028e-15 -1 -1 2.51150530368507e-15 0 2.51150530368507e-15 1 1.33764137151028e-15</Rotation>
<Translation>-2.3376912588786993 20.033848667726303 18.867150428600603</Translation>
</Transform>
</Instance>
<Instance name="ArmSupporterFinal:1" uid="ArmSupporterFinal:1" entityUid="ArmSupporterFinal.ipt_{B1E58DD6-4C18-3353-E1A3-16B6D2305373}">
<Transform>
<Rotation>-1.7863361323499895e-15 1.156185838477778e-15 1 0.67478931834872025 0.73801041716392424 3.521233481161322e-16 -0.73801041716392424 0.67478931834872025 -2.09851652806147e-15</Rotation>
<Translation>-1.6376912588785899 19.450859903964599 18.394102952095402</Translation>
</Transform>
</Instance>
<Instance name="Fixer:1" uid="Fixer:1" entityUid="Fixer.ipt_{09A9B47D-4F17-8AD1-2BC2-A5A81132B0CD}">
<Transform>
<Rotation>-1.4978791675647453e-15 5.2259344145747234e-16 1.0000000000000002 0.40237835587183501 0.91547346150824005 1.2429372992679914e-16 -0.91547346150824005 0.40237835587183501 -1.5815489162146403e-15</Rotation>
<Translation>-4.8276912588785912 18.304585020571 21.4918354628835</Translation>
</Transform>
<VisualProperties>
<Ambient r="0.070588235294117646" g="0.070588235294117646" b="0.070588235294117646" a="1"/>
<Diffuse r="0.070588235294117646" g="0.070588235294117646" b="0.070588235294117646" a="1"/>
<Specular r="1" g="1" b="1" a="1"/>
<Emissive r="0" g="0" b="0" a="1"/>
<Shininess>0.10000000000000001</Shininess>
</VisualProperties>
</Instance>
<Instance name="Fixer:2" uid="Fixer:2" entityUid="Fixer.ipt_{09A9B47D-4F17-8AD1-2BC2-A5A81132B0CD}">
<Transform>
<Rotation>-1.7576796770241434e-15 -3.3524280731948416e-16 1.0000000000000002 0.073566663902299503 0.99729030174883704 4.6364103051831306e-16 -0.99729030174883704 0.073566663902299503 -1.7282542005454706e-15</Rotation>
<Translation>-7.6376912588785792 19.260304532082902 21.922078066567703</Translation>
</Transform>
<VisualProperties>
<Ambient r="0.070588235294117646" g="0.070588235294117646" b="0.070588235294117646" a="1"/>
<Diffuse r="0.070588235294117646" g="0.070588235294117646" b="0.070588235294117646" a="1"/>
<Specular r="1" g="1" b="1" a="1"/>
<Emissive r="0" g="0" b="0" a="1"/>
<Shininess>0.10000000000000001</Shininess>
</VisualProperties>
</Instance>
<Instance name="ServooHolderFinal:1" uid="ServooHolderFinal:1" entityUid="ServooHolderFinal.ipt_{C1B973D8-4601-4B9F-4F9E-509A1BC878DE}">
<Transform>
<Rotation>0 -1.2633058959219415e-15 1 -1 -2.4832140729742201e-14 0 2.4832140729742201e-14 -1 -1.2633058959219399e-15</Rotation>
<Translation>-1.3376912588786816 3.7338486677263205 16.927150428600399</Translation>
</Transform>
</Instance>
<Instance name="FeeTech FS5109M Metal Gear Servo Outer volume:1" uid="FeeTech FS5109M Metal Gear Servo Outer volume:1" entityUid="FeeTech FS5109M Metal Gear Servo Outer volume.ipt_{DCAE697C-43D0-C73A-0EF1-BA8AE1821273}">
<Transform>
<Rotation>1.26330589592196e-15 -1 -4.7488642876396704e-16 2.3464205567254099e-14 4.7488642876399672e-16 -1 1 1.2633058959219488e-15 2.3464205567254099e-14</Rotation>
<Translation>1.5973087411213207 0.59072461742307425 19.312150428600503</Translation>
</Transform>
</Instance>
<Instance name="ISO 7045 H M4 x 8 - 4.8 - H:1" uid="ISO 7045 H M4 x 8 - 4.8 - H:1" entityUid="ISO 7045 - M4 x 8_ - 4.8 - H - ISO.ipt_{95847A7C-4AA4-547B-450F-AB9E9F1A6416}">
<Transform>
<Rotation>-1 9.5152400126846427e-16 1.7316008561380697e-15 8.9218886957121408e-16 -0.56449833275660799 0.82543420835037484 1.762906257003271e-15 0.82543420835037484 0.56449833275660799</Rotation>
<Translation>-1.082691258878679 2.5477246174230608 18.8121504286005</Translation>
</Transform>
</Instance>
<Instance name="ISO 7045 H M4 x 8 - 4.8 - H:2" uid="ISO 7045 H M4 x 8 - 4.8 - H:2" entityUid="ISO 7045 - M4 x 8_ - 4.8 - H - ISO.ipt_{95847A7C-4AA4-547B-450F-AB9E9F1A6416}">
<Transform>
<Rotation>-1 1.5258975573944976e-15 -1.0849665742027906e-15 6.3061664410206664e-16 0.82012203182496435 0.57218865150865417 1.7629062570032704e-15 0.57218865150865417 -0.82012203182496435</Rotation>
<Translation>-1.082691258878679 2.5477246174230892 19.812150428600503</Translation>
</Transform>
</Instance>
<Instance name="ISO 7045 H M4 x 8 - 4.8 - H:3" uid="ISO 7045 H M4 x 8 - 4.8 - H:3" entityUid="ISO 7045 - M4 x 8_ - 4.8 - H - ISO.ipt_{95847A7C-4AA4-547B-450F-AB9E9F1A6416}">
<Transform>
<Rotation>-1 0 -1.7693394518894694e-15 1.656393784795437e-16 0.9984932122647846 -0.054875359325947171 1.7629062570032647e-15 -0.054875359325947171 -0.9984932122647846</Rotation>
<Translation>-1.082691258878679 -2.4022753825769403 18.812150428600599</Translation>
</Transform>
</Instance>
<Instance name="ISO 7045 H M4 x 8 - 4.8 - H:4" uid="ISO 7045 H M4 x 8 - 4.8 - H:4" entityUid="ISO 7045 - M4 x 8_ - 4.8 - H - ISO.ipt_{95847A7C-4AA4-547B-450F-AB9E9F1A6416}">
<Transform>
<Rotation>-1 1.3741713002448402e-16 -1.76290625700327e-15 1.37417130024484e-16 1 0 1.76290625700327e-15 0 -1</Rotation>
<Translation>-1.082691258878679 -2.4022753825769101 19.812150428600603</Translation>
</Transform>
</Instance>
<Instance name="ISO 7045 H M5 x 20 - 4.8 - H:1" uid="ISO 7045 H M5 x 20 - 4.8 - H:1" entityUid="ISO 7045 - M5 x 20_ - 4.8 - H - ISO.ipt_{C112A8DF-473D-5879-C710-F282D853A3D3}">
<Transform>
<Rotation>-1.1657341758564201e-15 -0.99997889367136361 0.0064970925648146572 -2.2382608636417942e-15 0.0064970925648146572 0.99997889367136361 -1 1.151167383472519e-15 -2.2457875050189392e-15</Rotation>
<Translation>-8.3376912588785892 18.433848667726302 17.527150428600603</Translation>
</Transform>
</Instance>
<Instance name="ISO 7045 H M5 x 20 - 4.8 - H:2" uid="ISO 7045 H M5 x 20 - 4.8 - H:2" entityUid="ISO 7045 - M5 x 20_ - 4.8 - H - ISO.ipt_{C112A8DF-473D-5879-C710-F282D853A3D3}">
<Transform>
<Rotation>-1.1657341758564201e-15 -0.99997889367136361 0.0064970925648146572 -2.2382608636417942e-15 0.0064970925648146572 0.99997889367136361 -1 1.151167383472519e-15 -2.2457875050189392e-15</Rotation>
<Translation>-8.3376912588785892 21.633848667726301 17.527150428600603</Translation>
</Transform>
</Instance>
<Instance name="ISO 7045 H M5 x 20 - 4.8 - H:3" uid="ISO 7045 H M5 x 20 - 4.8 - H:3" entityUid="ISO 7045 - M5 x 20_ - 4.8 - H - ISO.ipt_{C112A8DF-473D-5879-C710-F282D853A3D3}">
<Transform>
<Rotation>-1.33764137151028e-15 -0.99997889367136361 0.0064970925648146875 -2.4162755630613214e-15 0.0064970925648146875 0.99997889367136361 -1 1.3219143728165861e-15 -2.4249153441644389e-15</Rotation>
<Translation>-2.3376912588786993 18.433848667726302 17.527150428600603</Translation>
</Transform>
</Instance>
<Instance name="ISO 7045 H M5 x 20 - 4.8 - H:4" uid="ISO 7045 H M5 x 20 - 4.8 - H:4" entityUid="ISO 7045 - M5 x 20_ - 4.8 - H - ISO.ipt_{C112A8DF-473D-5879-C710-F282D853A3D3}">
<Transform>
<Rotation>-1.33764137151028e-15 -0.99997889367136361 0.0064970925648146875 -2.4162755630613214e-15 0.0064970925648146875 0.99997889367136361 -1 1.3219143728165861e-15 -2.4249153441644389e-15</Rotation>
<Translation>-2.3376912588786993 21.633848667726301 17.527150428600503</Translation>
</Transform>
</Instance>
<Instance name="Supporterrrree:1" uid="Supporterrrree:1" entityUid="Supporterrrre.ipt_{64A6D6CD-4532-2FE6-41E5-7F823BE994D1}">
<Transform>
<Rotation>2.9143354396410951e-16 -2.9797580358326507e-15 -1 1 -2.511505303685079e-15 2.91433543964117e-16 -2.5115053036850798e-15 -1 2.9797580358326499e-15</Rotation>
<Translation>-2.8376912588788592 -4.2754465240032999 16.927150428600601</Translation>
</Transform>
<VisualProperties>
<Ambient r="0.019607843137254902" g="0.019607843137254902" b="0.019607843137254902" a="1"/>
<Diffuse r="0.019607843137254902" g="0.019607843137254902" b="0.019607843137254902" a="1"/>
<Specular r="1" g="1" b="1" a="1"/>
<Emissive r="0" g="0" b="0" a="1"/>
<Shininess>0.10000000000000001</Shininess>
</VisualProperties>
</Instance>
<Instance name="ISO 7045 H M6 x 12 - 4.8 - H:1" uid="ISO 7045 H M6 x 12 - 4.8 - H:1" entityUid="ISO 7045 - M6 x 12_ - 4.8 - H - ISO.ipt_{4906CD2B-4F12-ADE2-6522-8CAB4EF28831}">
<Transform>
<Rotation>3.7187884148090832e-16 -0.78961440169928621 -0.6136033707771481 2.5115053036850617e-15 0.6136033707771481 -0.78961440169928621 1 -1.2474272311452678e-15 2.2113068683872502e-15</Rotation>
<Translation>-6.3376912588786887 -1.7661513322736599 16.587150428600602</Translation>
</Transform>
</Instance>
<Instance name="ISO 7045 H M6 x 12 - 4.8 - H:2" uid="ISO 7045 H M6 x 12 - 4.8 - H:2" entityUid="ISO 7045 - M6 x 12_ - 4.8 - H - ISO.ipt_{4906CD2B-4F12-ADE2-6522-8CAB4EF28831}">
<Transform>
<Rotation>8.2663867370284969e-16 2.9143354396410192e-16 -1 2.5115053036850601e-15 1 2.9143354396410399e-16 1 -2.5115053036850605e-15 8.26638673702849e-16</Rotation>
<Translation>-4.3376912588786993 -1.7661513322736599 16.587150428600602</Translation>
</Transform>
</Instance>
<Instance name="ISO 7045 H M6 x 10 - 4.8 - H:1" uid="ISO 7045 H M6 x 10 - 4.8 - H:1" entityUid="ISO 7045 - M6 x 10_ - 4.8 - H - ISO.ipt_{4224A889-418D-9EAD-8DAD-C18DD8C7A28F}">
<Transform>
<Rotation>-2.3789825202699141e-16 0.78496667776475504 -0.61953798495246704 1 -1.3693826665754821e-15 -2.1190274789980998e-15 -2.511750538160373e-15 -0.61953798495246704 -0.78496667776475504</Rotation>
<Translation>-6.3376912588786887 -4.2661513322736511 19.087150428600602</Translation>
</Transform>
</Instance>
<Instance name="ISO 7045 H M6 x 10 - 4.8 - H:2" uid="ISO 7045 H M6 x 10 - 4.8 - H:2" entityUid="ISO 7045 - M6 x 10_ - 4.8 - H - ISO.ipt_{4224A889-418D-9EAD-8DAD-C18DD8C7A28F}">
<Transform>
<Rotation>1.8229673221540188e-16 -0.98654723317855098 -0.16347647141942501 1 -2.3076777827970411e-16 2.5077617703907209e-15 -2.5117505381603757e-15 -0.16347647141942501 0.98654723317855098</Rotation>
<Translation>-4.3376912588786887 -4.2661513322736511 19.087150428600602</Translation>
</Transform>
</Instance>
<Instance name="Fixer:3" uid="Fixer:3" entityUid="Fixer_1.ipt_{0BE334FE-41FE-7F3C-5E04-638C551032C0}">
<Transform>
<Rotation>1.0423481614288233e-15 -5.3202462665702776e-15 1 2.5115053036850901e-15 -1 -5.32024626657028e-15 1 2.5115053036850956e-15 -1.0423481614288099e-15</Rotation>
<Translation>-8.1476912588784778 16.766565659421801 19.0525352471014</Translation>
</Transform>
</Instance>
<Instance name="ISO 7045 - M6 x 30_ - 4.8 - H - ISO:3" uid="ISO 7045 - M6 x 30_ - 4.8 - H - ISO:3" entityUid="ISO 7045 - M6 x 30_ - 4.8 - H - ISO.ipt_{7C0A3580-43C5-955F-954D-2597234D6243}">
<Transform>
<Rotation>1 0 -4.3249393081899884e-15 4.1974825422584134e-15 -0.2445490762345679 0.96963691622834758 -1.0423481614288109e-15 -0.96963691622834758 -0.2445490762345679</Rotation>
<Translation>-8.1476912588784991 16.984507269568702 19.199099655690599</Translation>
</Transform>
</Instance>
</Instance>
<Instance name="P1:1" uid="P1:1" entityUid="P1.iam_{99ACDDBB-424C-9860-2559-0ABCCEEC0955}" rigid="true">
<Transform>
<Rotation>1 -6.7584798289786515e-16 1.3180509431433932e-16 6.7629101659960659e-16 0.99999425137068809 -0.0033907559005296219 -1.2951270107983872e-16 0.0033907559005296219 0.99999425137068809</Rotation>
<Translation>-15.070671253889792 -11.89419479634121 -16.385795433989273</Translation>
</Transform>
<Instance name="Cranck:1" grounded="true" uid="Cranck:1" entityUid="Cranck.ipt_{01829CE3-4E98-6EE3-FCF4-DE850DEC058F}">
<Transform>
<Rotation>8.5268455604980727e-16 1.370202512555821e-15 -1.0000000000000002 -0.24871577330242611 0.96857651432944425 1.1150698747958e-15 0.96857651432944425 0.24871577330242611 1.16668121261252e-15</Rotation>
<Translation>-2.7976912588786895 1.1077246174230702 19.3121504286005</Translation>
</Transform>
<VisualProperties>
<Ambient r="0.31372549019607843" g="0.31372549019607843" b="0.31372549019607843" a="1"/>
<Diffuse r="0.31372549019607843" g="0.31372549019607843" b="0.31372549019607843" a="1"/>
<Specular r="1" g="1" b="1" a="1"/>
<Emissive r="0" g="0" b="0" a="1"/>
<Shininess>0.10000000000000001</Shininess>
</VisualProperties>
</Instance>
<Instance name="CranckCouplerFromServo:1" uid="CranckCouplerFromServo:1" entityUid="CranckCouplerFromServo.ipt_{314360D7-4130-FEB9-62C1-1C889CA107A9}">
<Transform>
<Rotation>0 1.6155406734503247e-15 1 0.70304959409688617 0.71114082166628811 -1.0939908795992595e-15 -0.711140821666288 0.70304959409688628 -1.1913229272432501e-15</Rotation>
<Translation>-4.3176912588786891 1.107724617423079 19.3121504286005</Translation>
</Transform>
</Instance>
<Instance name="ISO 7045 H M8 x 35 - 4.8 - H:2" uid="ISO 7045 H M8 x 35 - 4.8 - H:2" entityUid="ISO 7045 - M8 x 35_ - 4.8 - H - ISO.ipt_{2F5D06AB-4DA7-F19D-79FE-EB91CBF7ABC5}">
<Transform>
<Rotation>1 2.2262000163893645e-15 -3.9066887765896681e-16 2.504285325759909e-16 -0.28091210874270095 -0.95973349798875363 -2.2463023471953094e-15 0.95973349798875363 -0.28091210874270095</Rotation>
<Translation>-4.837691258878678 0.11286152421332929 23.186456485918498</Translation>
</Transform>
</Instance>
<Instance name="ISO 7093 A ST 8 - 140 HV - A:2" uid="ISO 7093 A ST 8 - 140 HV - A:2" entityUid="ISO 7093 A - ST 8 - 140 HV.ipt_{AADAF8ED-4D0D-F487-60C3-A5B53222676F}">
<Transform>
<Rotation>1 6.803339019281595e-16 -1.3236686553408097e-15 -1.0281253337730468e-15 -0.32726750858589593 -0.94493173183250667 -1.0760628351999724e-15 0.94493173183250667 -0.32726750858589593</Rotation>
<Translation>-2.7976912588786789 0.11286152421332751 23.186456485918498</Translation>
</Transform>
</Instance>
<Instance name="ISO 4034 M8:13" uid="ISO 4034 M8:13" entityUid="ISO 4034 - M8 - ISO.ipt_{3988878F-47A5-6FCD-0BD7-01B4332A66F8}">
<Transform>
<Rotation>-1 -1.2271687197070137e-15 -8.4202723339838271e-16 1.0281253343909927e-15 -0.16054925307693896 -0.98702783007189676 1.0760628351519692e-15 -0.98702783007189676 0.16054925307693896</Rotation>
<Translation>-1.8076912588786769 0.11286152421332574 23.186456485918498</Translation>
</Transform>
</Instance>
<Instance name="ISO 7045 H M2 x 16 - 4.8 - H:2" uid="ISO 7045 H M2 x 16 - 4.8 - H:2" entityUid="ISO 7045 - M2 x 16_ - 4.8 - H - ISO.ipt_{6D034D0B-4A28-B1FB-1DA6-50AD8BC60F39}">
<Transform>
<Rotation>1 2.8146814279539306e-16 1.6037965338517607e-15 -1.0990276120638383e-15 0.84342698035577424 0.53724382621668199 -1.2014682456581473e-15 -0.53724382621668199 0.84342698035577424</Rotation>
<Translation>-4.3176912588786891 0.54528494214555145 19.881063085933597</Translation>
</Transform>
</Instance>
<Instance name="ISO 7045 H M2 x 16 - 4.8 - H:4" uid="ISO 7045 H M2 x 16 - 4.8 - H:4" entityUid="ISO 7045 - M2 x 16_ - 4.8 - H - ISO.ipt_{6D034D0B-4A28-B1FB-1DA6-50AD8BC60F39}">
<Transform>
<Rotation>1 -1.1702643004635399e-16 1.6240974300058013e-15 -1.0990276170736091e-15 0.68744614261089321 0.72623536199320637 -1.2014682452692395e-15 -0.72623536199320637 0.68744614261089321</Rotation>
<Translation>-4.3176912588786891 1.6701642927006084 18.743237771267498</Translation>
</Transform>
</Instance>
</Instance>
<Instance name="P2:1" uid="P2:1" entityUid="P2.iam_{BA79ADF1-49A8-2237-038F-64AB480FE27D}" rigid="true">
<Transform>
<Rotation>1 -5.7714120138549458e-16 1.894632322288039e-16 5.7709905663844125e-16 0.99999997527633233 0.0002223675671019395 -1.8959156502940428e-16 -0.0002223675671019395 0.99999997527633233</Rotation>
<Translation>-15.070671253889802 -11.977970972411192 -16.385520368456675</Translation>
</Transform>
<Instance name="ConnectingRodtoTheArm:1" grounded="true" uid="ConnectingRodtoTheArm:1" entityUid="ConnectingRodtoTheArm.ipt_{E464EF17-47D4-E5E4-58C9-51A4AC533A44}">
<Transform>
<Rotation>2.232001205473624e-15 -3.9102803651691298e-16 -1 0.042199968446937186 0.99910918455546072 -2.9648932225822299e-16 0.99910918455546061 -0.042199968446937193 2.2465142751304396e-15</Rotation>
<Translation>-3.8176912588786784 18.096826846212402 22.426857053873601</Translation>
</Transform>
<VisualProperties>
<Ambient r="0.070588235294117646" g="0.070588235294117646" b="0.070588235294117646" a="1"/>
<Diffuse r="0.070588235294117646" g="0.070588235294117646" b="0.070588235294117646" a="1"/>
<Specular r="1" g="1" b="1" a="1"/>
<Emissive r="0" g="0" b="0" a="1"/>
<Shininess>0.10000000000000001</Shininess>
</VisualProperties>
</Instance>
<Instance name="ISO 7045 H M8 x 35 - 4.8 - H:1" uid="ISO 7045 H M8 x 35 - 4.8 - H:1" entityUid="ISO 7045 - M8 x 35_ - 4.8 - H - ISO.ipt_{7B10F4E2-4F34-AA02-5AC9-3D97056BEF00}">
<Transform>
<Rotation>1 -9.8875641952785193e-16 1.9070124144690202e-15 0 0.86771068154315167 0.4970695858085859 -2.146215785790454e-15 -0.4970695858085859 0.86771068154315167</Rotation>
<Translation>-5.8476912588785801 18.096826846212402 22.426857053873601</Translation>
</Transform>
</Instance>
<Instance name="ISO 7093 A ST 8 - 140 HV - A:1" uid="ISO 7093 A ST 8 - 140 HV - A:1" entityUid="ISO 7093 A - ST 8 - 140 HV.ipt_{001287D9-4A21-F117-9754-E78891C0B495}">
<Transform>
<Rotation>1 1.2846596591943386e-15 1.8754616478520197e-15 2.0327675107667766e-16 0.77117169964588372 -0.63662721404702693 -2.2641522464262064e-15 0.63662721404702693 0.77117169964588372</Rotation>
<Translation>-3.8176912588786784 18.096826846212402 22.426857053873601</Translation>
</Transform>
</Instance>
<Instance name="ISO 4033 M8:1" uid="ISO 4033 M8:1" entityUid="ISO 4033 - M8 - ISO.ipt_{03C43C43-447C-4CD2-BE3C-7F926759A44F}">
<Transform>
<Rotation>-1 -1.2848468141692803e-15 1.8741111799592401e-15 -1.908914141933593e-16 -0.77436268600590175 -0.63274199364490191 2.2642183019126984e-15 -0.63274199364490191 0.77436268600590175</Rotation>
<Translation>-2.8676912588786792 18.096826846212405 22.426857053873601</Translation>
</Transform>
</Instance>
</Instance>
<Instance name="P3:1" uid="P3:1" entityUid="P3.iam_{8E17D01D-47E1-F158-11FC-D687474680CA}" rigid="true">
<Transform>
<Rotation>1 0 0 0 0.99999276303083329 -0.0038044560662239078 0 0.0038044560662239078 0.99999276303083329</Rotation>
<Translation>-15.070671253889795 -11.887531455647498 -16.458231350490273</Translation>
</Transform>
<Instance name="Arm:1" grounded="true" uid="Arm:1" entityUid="Arm.ipt_{C5B913B1-4F62-3503-C346-B3893901D01D}">
<Transform>
<Rotation>1 -5.247107543954355e-16 2.1494870889620199e-15 3.4825214314536789e-16 0.99669085346326991 0.081285562203003384 -2.1850255298708303e-15 -0.081285562203003384 0.99669085346326991</Rotation>
<Translation>-5.8476912588785943 20.033848667726307 18.927150428600598</Translation>
</Transform>
</Instance>
<Instance name="Bearings:1" uid="Bearings:1" entityUid="Bearings.ipt_{92E14E32-42D8-B34D-DF1B-40BC6C3C71BC}">
<Transform>
<Rotation>-1.814384673061445e-15 1.1485921523913119e-15 -1 -0.56929625523164185 -0.82213245513069788 0 -0.82213245513069788 0.56929625523164185 2.1455537369603399e-15</Rotation>
<Translation>-5.0476912588786007 19.743270289546501 11.432781595527501</Translation>
</Transform>
<VisualProperties>
<Ambient r="0.35294117647058826" g="0.3843137254901961" b="0.40000000000000002" a="1"/>
<Diffuse r="0.35294117647058826" g="0.3843137254901961" b="0.40000000000000002" a="1"/>
<Specular r="1" g="1" b="1" a="1"/>
<Emissive r="0" g="0" b="0" a="1"/>
<Shininess>0.10000000000000001</Shininess>
</VisualProperties>
</Instance>
<Instance name="ISO 7045 H M6 x 30 - 4.8 - H:1" uid="ISO 7045 H M6 x 30 - 4.8 - H:1" entityUid="ISO 7045 - M6 x 30_ - 4.8 - H - ISO.ipt_{C86CABFB-4D68-0AC8-A651-1DB8EB92EE55}">
<Transform>
<Rotation>1 7.7303345843729389e-16 2.0036207288852306e-15 -1.0197068284503563e-16 0.94900817113400016 -0.31525147282907406 -2.1451523798840541e-15 0.31525147282907406 0.94900817113400016</Rotation>
<Translation>-6.4476912588786028 19.743270289546501 11.432781595527501</Translation>
</Transform>
</Instance>
<Instance name="ISO 7092 ST 6 - 140 HV:1" uid="ISO 7092 ST 6 - 140 HV:1" entityUid="ISO 7092 - ST 6 - 140 HV.ipt_{404AAE03-407A-D34E-899B-D1A2534972B3}">
<Transform>
<Rotation>1 1.6737401942542131e-15 1.6222792240478898e-15 -2.2463541544052012e-16 0.76194309468340782 -0.64764397662934492 -2.3200722076628172e-15 0.64764397662934492 0.76194309468340782</Rotation>
<Translation>-4.3476912588786014 19.743270289546501 11.432781595527501</Translation>
</Transform>
</Instance>
<Instance name="ISO 4034 M6:1" uid="ISO 4034 M6:1" entityUid="ISO 4034 - M6 - ISO.ipt_{486BE911-4F0F-4282-C2A4-298582F4D390}">
<Transform>
<Rotation>-1 -1.595608032618299e-15 -1.7817240687962394e-15 1.9908417404042948e-16 0.68682806790321005 -0.72681992621305003 2.3834578122405491e-15 -0.72681992621305003 -0.68682806790321005</Rotation>
<Translation>-3.5476912588786007 19.743270289546501 11.432781595527501</Translation>
</Transform>
</Instance>
</Instance>
<Instance name="P4:1" uid="P4:1" entityUid="P4.iam_{9FD472C5-47A5-6E44-F161-CA84A271967A}" rigid="true">
<Transform>
<Rotation>1 2.5411566534387877e-15 1.0778549175474258e-15 -2.5406581301784558e-15 0.99999989315675097 -0.00046226235719354358 -1.0790294834505208e-15 0.00046226235719354358 0.99999989315675097</Rotation>
<Translation>-14.970671253889858 -11.925882798376051 -16.392327033905225</Translation>
</Transform>
<Instance name="SuctionHolder:1" grounded="true" uid="SuctionHolder:1" entityUid="SuctionHolder.ipt_{D394E3EE-401F-44B6-3C0E-FABD806BE9F2}">
<Transform>
<Rotation>1 -9.1878284417815642e-16 -2.4424385267534005e-15 2.4420135470720337e-15 -0.00046226235719349599 0.99999989315675097 -9.1991179340308902e-16 -0.99999989315675097 -0.00046226235719349599</Rotation>
<Translation>-5.3976912588786004 15.5432707382882 11.434723097427701</Translation>
</Transform>
</Instance>
<Instance name="ISO 7045 - M6 x 30_ - 4.8 - H - ISO:2" uid="ISO 7045 - M6 x 30_ - 4.8 - H - ISO:2" entityUid="ISO 7045 - M6 x 30_ - 4.8 - H - ISO.ipt_{83285676-4DE7-9094-66FF-1B9CEB839449}">
<Transform>
<Rotation>1 0 -2.5778967105155385e-15 2.3847148261896985e-15 -0.40468521818104281 0.91445605372033156 -9.8145369157530211e-16 -0.91445605372033156 -0.40468521818104281</Rotation>
<Translation>-7.4676912588786077 16.243270663497899 11.434399513777702</Translation>
</Transform>
</Instance>
<Instance name="FESTO VASB-30-0.125-PUR:1" uid="FESTO VASB-30-0.125-PUR:1" entityUid="FESTO VASB-30-0.125-PUR.ipt_{4D4E0E88-4317-E045-BC6F-289135B56289}">
<Transform>
<Rotation>0.99995727081343877 -2.3817685562525781e-15 0.0092442710550554325 -4.2732785260644614e-06 0.99999989315675097 0.00046224260509908203 -0.0092442700673674785 -0.00046226235719356071 0.9999571639747552</Rotation>
<Translation>-5.3976912588786004 12.662998311206001 10.846054476053904</Translation>
</Transform>
</Instance>
</Instance>
<Instance name="P5:1" uid="P5:1" entityUid="P5.iam_{8A1ABC59-4663-844E-284F-9AA06A23BDA9}" rigid="true">
<Transform>
<Rotation>1 -1.8738813308846651e-15 1.3809346046418426e-16 1.8743757218047192e-15 0.99999325972174458 -0.0036715815501909528 -1.3121242155411204e-16 0.0036715815501909528 0.99999325972174458</Rotation>
<Translation>-14.970671253889773 -11.889078411875811 -16.444381024856622</Translation>
</Transform>
<Instance name="ConnectortoRod:1" grounded="true" uid="ConnectortoRod:1" entityUid="ConnectortoRod.ipt_{A240D3EF-4A1E-FB3E-4C51-4DB603800451}">
<Transform>
<Rotation>7.5043191202618835e-16 -2.4632143349612812e-15 -1.0000000000000002 0.095030334111623524 0.99547437716830922 -2.3807529605997608e-15 0.99547437716830922 -0.095030334111623524 9.8111582147140448e-16</Rotation>
<Translation>-6.4476912588786028 16.243270663497903 11.4343995137777</Translation>
</Transform>
</Instance>
</Instance>
<Instance name="Part2:1" uid="Part2:1" entityUid="Part2.ipt_{F81DA1FC-4798-3605-8994-A7B091F72874}">
<Transform>
<Rotation>0.99999999999999867 -1.0253375675671182e-16 -1.1023589448673921e-15 1.0607255814439489e-15 0 0.99999999999999811 -1.8133642735544243e-16 -0.99999999999999878 0</Rotation>
<Translation>-31.655829315237476 -3.6359939908237409 -5.540455824995326</Translation>
</Transform>
</Instance>
<Instance name="Part4:1" uid="Part4:1" entityUid="Part4.ipt_{0FD612E0-476B-BD6B-AEFA-7EB1F49C3A3F}">
<Transform>
<Rotation>0.9943810657754204 -0.10585979419656542 -2.2798487248302851e-16 -2.1876261707792979e-16 0 -1.0000000000000002 0.10585979419656542 0.9943810657754204 0</Rotation>
<Translation>-20.368362512768414 -0.57583528453077926 -5.5404200892305369</Translation>
</Transform>
</Instance>
</InstanceTree>
<Constraints>
<Coincident name="Mate:1">
<ConstraintGeometry geomType="cylinder">
<InstancePath>
<Uid>P1:1</Uid>
</InstancePath>
<Position>-3.8176912588786891 1.107724617423079 19.3121504286005</Position>
<Axis>1 -1.0939908795992601e-15 -1.1913229272432503e-15</Axis>
</ConstraintGeometry>
<ConstraintGeometry geomType="cylinder">
<InstancePath>
<Uid>Fixed:1</Uid>
</InstancePath>
<Position>-2.5426912588786799 1.1077246174230755 19.312150428600496</Position>
<Axis>1 -4.7488642876399672e-16 -1.2633058959219488e-15</Axis>
</ConstraintGeometry>
</Coincident>
<Distance name="Mate:2">
<ConstraintGeometry geomType="plane">
<InstancePath>
<Uid>Fixed:1</Uid>
</InstancePath>
<Position>-2.20269125887868 1.1077246174230755 19.312150428600496</Position>
<Axis>-1 4.7488642876399672e-16 1.2633058959219488e-15</Axis>
</ConstraintGeometry>
<ConstraintGeometry geomType="plane">
<InstancePath>
<Uid>P1:1</Uid>
</InstancePath>
<Position>-2.2426912588786898 1.107724617423079 19.312150428600496</Position>
<Axis>1 -1.0939908795992601e-15 -1.1913229272432503e-15</Axis>
</ConstraintGeometry>
</Distance>
<Coincident name="Mate:3">
<ConstraintGeometry geomType="cylinder">
<InstancePath>
<Uid>P2:1</Uid>
</InstancePath>
<Position>-3.8176912588786713 0.11286152421410911 23.18645648591847</Position>
<Axis>-1 -2.964893222582228e-16 2.2465142751304389e-15</Axis>
</ConstraintGeometry>
<ConstraintGeometry geomType="cylinder">
<InstancePath>
<Uid>P1:1</Uid>
</InstancePath>
<Position>-2.962691258878678 0.11286152421332929 23.186456485918495</Position>
<Axis>1 2.504285325759909e-16 -2.2463023471953094e-15</Axis>
</ConstraintGeometry>
</Coincident>
<Coincident name="Mate:4">
<ConstraintGeometry geomType="plane">
<InstancePath>
<Uid>P2:1</Uid>
</InstancePath>
<Position>-4.8376912588786745 9.1048441852132544 22.806656769896037</Position>
<Axis>-1 -2.964893222582228e-16 2.2465142751304389e-15</Axis>
</ConstraintGeometry>
<ConstraintGeometry geomType="plane">
<InstancePath>
<Uid>P1:1</Uid>
</InstancePath>
<Position>-4.837691258878678 -0.05093425316896294 23.746063172460019</Position>
<Axis>1 2.504285325759909e-16 -2.2463023471953094e-15</Axis>
</ConstraintGeometry>
</Coincident>
<Coincident name="Mate:5">
<ConstraintGeometry geomType="cylinder">
<InstancePath>
<Uid>P3:1</Uid>
</InstancePath>
<Position>-5.8476912588785943 20.033848667726307 18.927150428600598</Position>
<Axis>1 3.4825214314536789e-16 -2.1850255298708303e-15</Axis>
</ConstraintGeometry>
<ConstraintGeometry geomType="cylinder">
<InstancePath>
<Uid>Fixed:1</Uid>
</InstancePath>
<Position>-1.6376912588785899 20.033848667726389 18.927150428600605</Position>
<Axis>-1 -3.521233481161322e-16 2.09851652806147e-15</Axis>
</ConstraintGeometry>
</Coincident>
<Coincident name="Mate:6">
<ConstraintGeometry geomType="plane">
<InstancePath>
<Uid>P3:1</Uid>
</InstancePath>
<Position>-5.8476912588785979 19.263325552102074 16.525578168825753</Position>
<Axis>1 3.4825214314536789e-16 -2.1850255298708303e-15</Axis>
</ConstraintGeometry>
<ConstraintGeometry geomType="plane">
<InstancePath>
<Uid>Fixed:1</Uid>
</InstancePath>
<Position>-5.8476912588785837 20.033848667726296 18.927150428600541</Position>
<Axis>1 4.6364103051831296e-16 -1.7282542005454702e-15</Axis>
</ConstraintGeometry>
</Coincident>
<Coincident name="Mate:7">
<ConstraintGeometry geomType="cylinder">
<InstancePath>
<Uid>P3:1</Uid>
</InstancePath>
<Position>-5.8476912588785872 18.096826846212448 22.426857053873512</Position>
<Axis>1 3.4825214314536789e-16 -2.1850255298708303e-15</Axis>
</ConstraintGeometry>
<ConstraintGeometry geomType="cylinder">
<InstancePath>
<Uid>P2:1</Uid>
</InstancePath>
<Position>-3.9726912588785801 18.096826846212402 22.426857053873597</Position>
<Axis>1 0 -2.146215785790454e-15</Axis>
</ConstraintGeometry>
</Coincident>
<Coincident name="Mate:8">
<ConstraintGeometry geomType="plane">
<InstancePath>
<Uid>P3:1</Uid>
</InstancePath>
<Position>-5.8476912588785979 19.263325552102074 16.525578168825753</Position>
<Axis>1 3.4825214314536789e-16 -2.1850255298708303e-15</Axis>
</ConstraintGeometry>
<ConstraintGeometry geomType="plane">
<InstancePath>
<Uid>P2:1</Uid>
</InstancePath>
<Position>-5.8476912588785801 18.602776362815334 22.137022985897609</Position>
<Axis>1 0 -2.146215785790454e-15</Axis>
</ConstraintGeometry>
</Coincident>
<Coincident name="Mate:9">
<ConstraintGeometry geomType="cylinder">
<InstancePath>
<Uid>P4:1</Uid>
</InstancePath>
<Position>-4.3476912588786103 19.743270289546558 11.432781595527487</Position>
<Axis>-1 -2.4419280113533045e-15 1.1049489444039757e-15</Axis>
</ConstraintGeometry>
<ConstraintGeometry geomType="cylinder">
<InstancePath>
<Uid>P3:1</Uid>
</InstancePath>
<Position>-4.8476912588786014 19.743270289546501 11.432781595527498</Position>
<Axis>1 -1.0197068284503564e-16 -2.1451523798840541e-15</Axis>
</ConstraintGeometry>
</Coincident>
<Coincident name="Mate:10">
<ConstraintGeometry geomType="plane">
<InstancePath>
<Uid>P3:1</Uid>
</InstancePath>
<Position>-5.8476912588785979 19.263325552102074 16.525578168825753</Position>
<Axis>1 3.4825214314536789e-16 -2.1850255298708303e-15</Axis>
</ConstraintGeometry>
<ConstraintGeometry geomType="plane">
<InstancePath>
<Uid>P4:1</Uid>
</InstancePath>
<Position>-5.9476912588786046 17.543547882016018 12.033798508607367</Position>
<Axis>1 2.4420135470720337e-15 -9.1991179340308902e-16</Axis>
</ConstraintGeometry>
</Coincident>
<Coincident name="Mate:11">
<ConstraintGeometry geomType="cylinder">
<InstancePath>
<Uid>P5:1</Uid>
</InstancePath>
<Position>-6.4476912588786028 16.243270663497903 11.4343995137777</Position>
<Axis>-1 -2.3807529605997589e-15 9.8111582147140409e-16</Axis>
</ConstraintGeometry>
<ConstraintGeometry geomType="cylinder">
<InstancePath>
<Uid>P4:1</Uid>
</InstancePath>
<Position>-5.8676912588786063 16.243270663497903 11.434399513777702</Position>
<Axis>1 2.3847148261896985e-15 -9.8145369157530211e-16</Axis>
</ConstraintGeometry>
</Coincident>
