<?xml version="1.0" encoding="UTF-8" standalone="no" ?>
<SimscapeMultibodyImportXML version="2.0" xmlns="urn:mathworks:SimscapeMultibody:import" xmlns:xsi="http://www.w3.org/2001/XMLSchema-instance">
<Created by="Mohamed Teleb" on="10/31/21||16:32:31" using="Simscape Multibody Link Version 7.0" from="Autodesk Inventor 2019 (Build 230136000, 136)"/>
<ModelUnits mass="kilogram" length="millimeter"/>
<DataUnits mass="kilogram" length="centimeter"/>
<RootAssembly name="Assembly1.iam" uid="Assembly1.iam_{6ABD710E-43AF-50D3-BF28-5EB9F67C9289}" version="{B0AFA6E1-C28E-3499-34F2-4D2D07BF225D}">
<AssemblyFile name="Assembly1.iam" type="Inventor Assembly"/>
<InstanceTree>
<Instance name="BaseForMatlab:1" grounded="true" uid="BaseForMatlab:1" entityUid="BaseForMatlab.iam_{9A5DE190-4E32-1F4C-A04E-1B9AEBC49DA1}" rigid="true">
<Transform>
<Rotation>1 0 0 0 1 0 0 0 1</Rotation>
<Translation>5.1855298106743319 -6.5363245913233063 -16.382154523006921</Translation>
</Transform>
<Instance name="Part1:1" grounded="true" uid="Part1:1" entityUid="Part1.ipt_{3835551A-4C5E-266B-571E-8AA62629B327}">
<Transform>
<Rotation>1 0 0 0 1 0 0 0 1</Rotation>
<Translation>-23.337691258878603 3.1338486677263204 6.837150428600669</Translation>
</Transform>
</Instance>
<Instance name="Part7:1" uid="Part7:1" entityUid="Part7.ipt_{B86C36EF-40A8-7B37-5164-A68993F572DA}">
<Transform>
<Rotation>1 -4.2616373393152407e-16 2.6367796834848301e-16 4.2616373393152402e-16 1 1.5265566588595799e-16 -2.6367796834848306e-16 -1.5265566588595787e-16 1</Rotation>
<Translation>-20.337691258878603 5.7338486677263205 7.887150428600691</Translation>
</Transform>
</Instance>
<Instance name="Part1:2" uid="Part1:2" entityUid="Part1.ipt_{3835551A-4C5E-266B-571E-8AA62629B327}">
<Transform>
<Rotation>1 0 -1.4432899320127e-15 0 1 1.5265566588595799e-16 1.4432899320127e-15 -1.5265566588595804e-16 1</Rotation>
<Translation>-23.337691258878603 3.1338486677263204 15.587150428600602</Translation>
</Transform>
</Instance>
<Instance name="ISO 8738 8:1" uid="ISO 8738 8:1" entityUid="ISO 8738 - 8(2).ipt_{1FADC6BB-4DC1-5D09-43F3-258120041C49}">
<Transform>
<Rotation>0 0 -1 0 1 0 1 0 0</Rotation>
<Translation>5.1623087411213895 6.9338486677263207 7.8371504286006601</Translation>
</Transform>
</Instance>
<Instance name="ISO 4034 M8:5" uid="ISO 4034 M8:5" entityUid="ISO 4034 - M8 - ISO.ipt_{5F00B01F-45A4-9118-A15C-9C844BE85430}">
<Transform>
<Rotation>0 0 -1 0 -1 0 -1 0 0</Rotation>
<Translation>5.1623087411213895 6.9338486677263207 8.8271504286006603</Translation>
</Transform>
</Instance>
<Instance name="ISO 8738 8:2" uid="ISO 8738 8:2" entityUid="ISO 8738 - 8(2).ipt_{1FADC6BB-4DC1-5D09-43F3-258120041C49}">
<Transform>
<Rotation>0 0 -1 0 1 0 1 0 0</Rotation>
<Translation>5.1623087411213895 4.5338486677263203 7.8371504286006601</Translation>
</Transform>
</Instance>
<Instance name="ISO 8738 8:3" uid="ISO 8738 8:3" entityUid="ISO 8738 - 8(2).ipt_{1FADC6BB-4DC1-5D09-43F3-258120041C49}">
<Transform>
<Rotation>0 0 -1 0 1 0 1 0 0</Rotation>
<Translation>-15.8376912588785 6.9338486677263207 7.8371504286006601</Translation>
</Transform>
</Instance>
<Instance name="ISO 4034 M8:6" uid="ISO 4034 M8:6" entityUid="ISO 4034 - M8 - ISO.ipt_{5F00B01F-45A4-9118-A15C-9C844BE85430}">
<Transform>
<Rotation>0 0 1 0 1 0 -1 0 0</Rotation>
<Translation>5.1623087411213895 4.5338486677263203 8.8271504286006603</Translation>
</Transform>
</Instance>
<Instance name="ISO 4034 M8:7" uid="ISO 4034 M8:7" entityUid="ISO 4034 - M8 - ISO.ipt_{5F00B01F-45A4-9118-A15C-9C844BE85430}">
<Transform>
<Rotation>0 0 1 0 1 0 -1 0 0</Rotation>
<Translation>-15.8376912588785 6.9338486677263207 8.8271504286006603</Translation>
</Transform>
</Instance>
<Instance name="SideToConveyer:3" uid="SideToConveyer:3" entityUid="SideToConveyer.ipt_{CAD6A83B-4753-FAF3-7181-F086DA9F5907}">
<Transform>
<Rotation>-1 -7.9129824386077211e-15 1.4432899320127e-15 -7.91298243860774e-15 1 -1.32997847251397e-14 -1.4432899320125946e-15 -1.3299784725139711e-14 -1</Rotation>
<Translation>8.3541895521130396 3.3008801288329601 16.927150428600601</Translation>
</Transform>
<VisualProperties>
<Ambient r="0.73725490196078436" g="0.7686274509803922" b="0.77647058823529413" a="1"/>
<Diffuse r="0.73725490196078436" g="0.7686274509803922" b="0.77647058823529413" a="1"/>
<Specular r="1" g="1" b="1" a="1"/>
<Emissive r="0" g="0" b="0" a="1"/>
<Shininess>0.10000000000000001</Shininess>
</VisualProperties>
</Instance>
<Instance name="Screw ISO 14583:2011(E) M8x25-4.8:5" uid="Screw ISO 14583:2011(E) M8x25-4.8:5" entityUid="ISO 14583 - M8x25-4.8.ipt_{8F2C7690-43EC-AC6F-8634-06BC16F44E79}">
<Transform>
<Rotation>4.7975643153931389e-15 0.22979930460693498 0.97323803850967994 -1.0023810610847299e-14 0.97323803850967994 -0.22979930460693498 -1 -8.6530768338091533e-15 6.9726367918215802e-15</Rotation>
<Translation>-15.8376912588785 6.9338486677263207 16.927150428600502</Translation>
</Transform>
</Instance>
<Instance name="ISO 8738 8:5" uid="ISO 8738 8:5" entityUid="ISO 8738 - 8(2).ipt_{1FADC6BB-4DC1-5D09-43F3-258120041C49}">
<Transform>
<Rotation>2.2337909565829032e-15 0.22122036177272589 0.97522384688703356 3.5032701566601213e-15 0.97522384688703356 -0.22122036177272589 -1 3.9106326424025379e-15 1.4034515183762993e-15</Rotation>
<Translation>-15.8376912588785 6.9338486677263109 15.587150428600602</Translation>
</Transform>
</Instance>
<Instance name="ISO 4034 M8:9" uid="ISO 4034 M8:9" entityUid="ISO 4034 - M8 - ISO.ipt_{5F00B01F-45A4-9118-A15C-9C844BE85430}">
<Transform>
<Rotation>-2.7057838821347598e-15 -0.34954580127767299 0.9369192776377 -2.9224173468398906e-15 -0.9369192776377 -0.34954580127767299 1 -3.6838645447221212e-15 1.5135823671245103e-15</Rotation>
<Translation>-15.8376912588785 6.9338486677263207 14.5971504286006</Translation>
</Transform>
</Instance>
<Instance name="Screw ISO 14583:2011(E) M8x25-4.8:6" uid="Screw ISO 14583:2011(E) M8x25-4.8:6" entityUid="ISO 14583 - M8x25-4.8.ipt_{8F2C7690-43EC-AC6F-8634-06BC16F44E79}">
<Transform>
<Rotation>-6.7550698295696389e-15 -0.95584381721202394 0.29387513861765702 -7.8211699601664473e-15 0.29387513861765702 0.95584381721202394 -1 4.1583443252334496e-15 -9.4609640323262402e-15</Rotation>
<Translation>-15.8376912588785 4.5338486677263203 16.927150428600502</Translation>
</Transform>
</Instance>
<Instance name="Screw ISO 14583:2011(E) M8x25-4.8:7" uid="Screw ISO 14583:2011(E) M8x25-4.8:7" entityUid="ISO 14583 - M8x25-4.8.ipt_{8F2C7690-43EC-AC6F-8634-06BC16F44E79}">
<Transform>
<Rotation>-8.1457694200799431e-15 0.204445515952243 0.97887794489763702 -8.3988938115779802e-15 0.97887794489763702 -0.204445515952243 -1 -9.8868579456071826e-15 -6.2565978508017102e-15</Rotation>
<Translation>5.1623087411214108 6.9338486677263109 16.927150428600502</Translation>
</Transform>
</Instance>
<Instance name="Screw ISO 14583:2011(E) M8x25-4.8:8" uid="Screw ISO 14583:2011(E) M8x25-4.8:8" entityUid="ISO 14583 - M8x25-4.8.ipt_{8F2C7690-43EC-AC6F-8634-06BC16F44E79}">
<Transform>
<Rotation>-5.8700671094707407e-15 0.18923901690292991 0.9819310538330136 -9.2775576185650009e-15 0.9819310538330136 -0.18923901690292991 -1 -1.0220767658344501e-14 -4.0083252998755874e-15</Rotation>
<Translation>5.1623087411211301 4.5338486677264802 16.927150428600601</Translation>
</Transform>
</Instance>
<Instance name="ISO 8738 8:6" uid="ISO 8738 8:6" entityUid="ISO 8738 - 8(2).ipt_{1FADC6BB-4DC1-5D09-43F3-258120041C49}">
<Transform>
<Rotation>-4.8337203930768817e-15 0.2315764615306809 0.97281670548203958 2.7180026284055479e-15 0.97281670548203958 -0.2315764615306809 -1 1.5247424977995732e-15 -5.331749379131648e-15</Rotation>
<Translation>-15.8376912588785 4.5338486677263097 15.587150428600602</Translation>
</Transform>
</Instance>
<Instance name="ISO 8738 8:7" uid="ISO 8738 8:7" entityUid="ISO 8738 - 8(2).ipt_{1FADC6BB-4DC1-5D09-43F3-258120041C49}">
<Transform>
<Rotation>-4.6980519676793435e-15 0.061646742001581385 0.99809803085698479 2.5094961295682901e-15 0.99809803085698479 -0.061646742001581385 -1 2.2151035478037846e-15 -4.8438186782579988e-15</Rotation>
<Translation>5.1623087411211195 6.9338486677264699 15.587150428600502</Translation>
</Transform>
</Instance>
<Instance name="ISO 8738 8:8" uid="ISO 8738 8:8" entityUid="ISO 8738 - 8(2).ipt_{1FADC6BB-4DC1-5D09-43F3-258120041C49}">
<Transform>
<Rotation>-4.7858621800263452e-15 0.25317024553631812 0.96742174193837538 4.0122062387625585e-15 0.96742174193837538 -0.25317024553631812 -1 2.6698576452994437e-15 -5.6457183654879421e-15</Rotation>
<Translation>5.1623087411211408 4.5338486677264802 15.587150428600602</Translation>
</Transform>
</Instance>
<Instance name="ISO 4034 M8:10" uid="ISO 4034 M8:10" entityUid="ISO 4034 - M8 - ISO.ipt_{5F00B01F-45A4-9118-A15C-9C844BE85430}">
<Transform>
<Rotation>2.0045986353458754e-15 0.59049321849815506 -0.80704260042930209 -1.2343335579911864e-15 0.80704260042930209 0.59049321849815506 1 -1.8754213554403565e-16 2.3466620908450603e-15</Rotation>
<Translation>-15.8376912588785 4.5338486677263097 14.5971504286006</Translation>
</Transform>
</Instance>
<Instance name="ISO 4034 M8:11" uid="ISO 4034 M8:11" entityUid="ISO 4034 - M8 - ISO.ipt_{5F00B01F-45A4-9118-A15C-9C844BE85430}">
<Transform>
<Rotation>4.1912516278724525e-15 -0.2743132042465401 -0.96164040367280534 -3.5437687440813291e-15 0.96164040367280534 -0.2743132042465401 1 4.5575468694266589e-15 3.0583743480238814e-15</Rotation>
<Translation>5.1623087411211195 6.9338486677264797 14.5971504286005</Translation>
</Transform>
</Instance>
<Instance name="ISO 4034 M8:12" uid="ISO 4034 M8:12" entityUid="ISO 4034 - M8 - ISO.ipt_{5F00B01F-45A4-9118-A15C-9C844BE85430}">
<Transform>
<Rotation>4.1388270959709174e-15 0.00055953151547312224 -0.99999984346222937 -2.9755124409616203e-15 0.99999984346222937 0.00055953151547312224 1 2.9731961709842465e-15 4.1404913410735514e-15</Rotation>
<Translation>5.1623087411211301 4.5338486677264802 14.5971504286006</Translation>
</Transform>
</Instance>
<Instance name="StepperHolder:2" uid="StepperHolder:2" entityUid="StepperHolder.ipt_{69FDDA92-44CF-4760-52E9-3EA1FC56FC66}">
<Transform>
<Rotation>-1 7.0231625362569034e-16 7.9129824386077494e-15 -7.9129824386077431e-15 8.044482196828046e-15 -1 -7.0231625362575404e-16 -1 -8.0444821968280397e-15</Rotation>
<Translation>1.16230874112125 -3.9261513322735295 16.927150428600701</Translation>
</Transform>
<VisualProperties>
<Ambient r="0.73725490196078436" g="0.7686274509803922" b="0.77647058823529413" a="1"/>
<Diffuse r="0.73725490196078436" g="0.7686274509803922" b="0.77647058823529413" a="1"/>
<Specular r="1" g="1" b="1" a="1"/>
<Emissive r="0" g="0" b="0" a="1"/>
<Shininess>0.10000000000000001</Shininess>
</VisualProperties>
</Instance>
<Instance name="SHF10:5" uid="SHF10:5" entityUid="SHF10.ipt_{C6A8683C-497A-5FF1-54BE-9EB52EC4C503}">
<Transform>
<Rotation>0.0072152693942435968 -0.99997396960499352 -1.0604344170101399e-14 1.4195797046934458e-14 1.0707049378785723e-14 -1 0.99997396960499352 0.0072152693942435968 1.4272681770415301e-14</Rotation>
<Translation>-0.78768552672594172 -2.9261513322736006 22.819206968343401</Translation>
</Transform>
</Instance>
<Instance name="SHF10:6" uid="SHF10:6" entityUid="SHF10.ipt_{C6A8683C-497A-5FF1-54BE-9EB52EC4C503}">
<Transform>
<Rotation>-0.0075970641164721598 0.99997114189200997 1.7433835201263502e-16 2.9002169296832667e-14 0 1.0000000000000002 0.99997114189200997 0.0075970641164721598 -2.9001681770858907e-14</Rotation>
<Translation>-9.8876855705817714 -3.9261513322735508 22.819201279375203</Translation>
</Transform>
</Instance>
<Instance name="GuideRod:3" uid="GuideRod:3" entityUid="GuideRod.ipt_{F56362F6-4632-C3C1-480E-C0ACA5F4C66A}">
<Transform>
<Rotation>-0.040693533758987308 0.99917167509402816 0 2.2084737960722765e-14 8.6141071523978916e-16 1 0.99917167509402816 0.040693533758987308 -2.2101498468249002e-14</Rotation>
<Translation>-9.8876855267047414 -4.2661513322736093 22.819195504016804</Translation>
</Transform>
</Instance>
<Instance name="GuideRod:4" uid="GuideRod:4" entityUid="GuideRod.ipt_{F56362F6-4632-C3C1-480E-C0ACA5F4C66A}">
<Transform>
<Rotation>0.98697414338014078 -0.16087896164209098 8.9967412484003314e-15 -9.975951459901194e-15 -5.2789058896767551e-15 1 -0.16087896164209098 -0.98697414338014078 -6.8150643307089011e-15</Rotation>
<Translation>-0.78768552672594971 -4.2661513322735596 22.819206968343501</Translation>
</Transform>
</Instance>
<Instance name="UpperStepperHolder:2" uid="UpperStepperHolder:2" entityUid="UpperStepperHolder.ipt_{E077918B-456A-41D7-C283-35867DA4647A}">
<Transform>
<Rotation>0.99999999999920641 1.2598161011422906e-06 1.12947705331829e-14 -1.1294737356157901e-14 -2.633482294157868e-14 1 1.2598161011422906e-06 -0.99999999999920641 -2.6334808712265801e-14</Rotation>
<Translation>-11.837678103816001 25.393848667726203 16.927142239811001</Translation>
</Transform>
<VisualProperties>
<Ambient r="0.73725490196078436" g="0.7686274509803922" b="0.77647058823529413" a="1"/>
<Diffuse r="0.73725490196078436" g="0.7686274509803922" b="0.77647058823529413" a="1"/>
<Specular r="1" g="1" b="1" a="1"/>
<Emissive r="0" g="0" b="0" a="1"/>
<Shininess>0.10000000000000001</Shininess>
</VisualProperties>
</Instance>
<Instance name="SHF10:7" uid="SHF10:7" entityUid="SHF10.ipt_{C6A8683C-497A-5FF1-54BE-9EB52EC4C503}">
<Transform>
<Rotation>-0.0060180217974210182 -0.99998189154286476 1.12087190920164e-14 -3.7883385361546308e-14 1.143690923566294e-14 1 -0.99998189154286476 0.0060180217974210182 -3.7951526920961692e-14</Rotation>
<Translation>-0.78768552672572056 24.393848667726402 22.819206968343099</Translation>
</Transform>
</Instance>
<Instance name="SHF10:8" uid="SHF10:8" entityUid="SHF10.ipt_{C6A8683C-497A-5FF1-54BE-9EB52EC4C503}">
<Transform>
<Rotation>0.014056912443670201 0.99990119672523203 4.9276105335433119e-15 4.4943732292318125e-14 -5.5599299825579379e-15 1.0000000000000002 0.99990119672523203 -0.014056912443670201 -4.5017447153345099e-14</Rotation>
<Translation>-9.8876855267047006 24.393848667726303 22.819195504016001</Translation>
</Transform>
</Instance>
<Instance name="ISO 7045 H M6 x 25 - 4.8 - H:9" uid="ISO 7045 H M6 x 25 - 4.8 - H:9" entityUid="ISO 7045 - M6 x 25_ - 4.8 - H - ISO.ipt_{1638602D-42B5-02B4-0BB0-F287AC0652CF}">
<Transform>
<Rotation>-8.0213613529168175e-15 -0.94044223874613042 0.33995351973786986 -1 3.0223183994616084e-15 -1.5234569346765293e-14 1.3299784725139625e-14 -0.33995351973786986 -0.94044223874613042</Rotation>
<Translation>-0.77614113735174506 -2.926151332273581 24.4191595464678</Translation>
</Transform>
</Instance>
<Instance name="ISO 7093 A ST 6 - 140 HV - A:5" uid="ISO 7093 A ST 6 - 140 HV - A:5" entityUid="ISO 7093 A - ST 6 - 140 HV.ipt_{BC0E0634-42E0-93A7-4814-A986CA572858}">
<Transform>
<Rotation>9.3222955396823147e-15 -0.011187372416011605 0.99993741939104641 -1 1.1419744024947626e-14 9.4506438960349431e-15 -1.15247572432485e-14 -0.99993741939104641 -0.011187372416011605</Rotation>
<Translation>-0.77614113735175572 -4.26615133227362 24.4191595464678</Translation>
</Transform>
</Instance>
<Instance name="ISO 4033 M6:9" uid="ISO 4033 M6:9" entityUid="ISO 4033 - M6 - ISO.ipt_{E694E211-4A0E-B849-8B5E-F9AE868EE522}">
<Transform>
<Rotation>-9.3973223300183179e-15 0.011187372416012106 0.99993741939104641 1 -1.160860001188113e-14 9.527788316374574e-15 1.1714464454819501e-14 0.99993741939104641 -0.011187372416012106</Rotation>
<Translation>-0.77614113735174683 -4.9961513322736009 24.4191595464678</Translation>
</Transform>
</Instance>
<Instance name="ISO 7045 H M6 x 25 - 4.8 - H:10" uid="ISO 7045 H M6 x 25 - 4.8 - H:10" entityUid="ISO 7045 - M6 x 25_ - 4.8 - H - ISO.ipt_{1638602D-42B5-02B4-0BB0-F287AC0652CF}">
<Transform>
<Rotation>-1.4932499681208901e-14 -0.99792650709829533 -0.06436370429516973 -1 1.5239108848394742e-14 -4.2727650027598617e-15 5.24475095049597e-15 0.06436370429516973 -0.99792650709829533</Rotation>
<Translation>-0.79922995775673122 -2.9261513322736201 21.219248616975502</Translation>
</Transform>
</Instance>
<Instance name="ISO 7045 H M6 x 25 - 4.8 - H:11" uid="ISO 7045 H M6 x 25 - 4.8 - H:11" entityUid="ISO 7045 - M6 x 25_ - 4.8 - H - ISO.ipt_{1638602D-42B5-02B4-0BB0-F287AC0652CF}">
<Transform>
<Rotation>-8.1046280797636491e-15 -0.89647978266159445 0.44308464121318925 -1 1.3727048763484137e-15 -1.5514024344727605e-14 1.3299784725139654e-14 -0.44308464121318925 -0.89647978266159445</Rotation>
<Translation>-9.8998408731681309 -2.9261513322734798 24.419155106402201</Translation>
</Transform>
</Instance>
<Instance name="ISO 7045 H M6 x 25 - 4.8 - H:12" uid="ISO 7045 H M6 x 25 - 4.8 - H:12" entityUid="ISO 7045 - M6 x 25_ - 4.8 - H - ISO.ipt_{1638602D-42B5-02B4-0BB0-F287AC0652CF}">
<Transform>
<Rotation>-2.2482016248660489e-15 -0.82059494485426576 0.57151022430016485 -1 -1.0610145748427918e-14 -1.916821978750699e-14 2.1793151036025222e-14 -0.57151022430016485 -0.82059494485426576</Rotation>
<Translation>-9.8755302679954209 -2.9261513322736503 21.219247452347901</Translation>
</Transform>
</Instance>
<Instance name="ISO 7093 A ST 6 - 140 HV - A:6" uid="ISO 7093 A ST 6 - 140 HV - A:6" entityUid="ISO 7093 A - ST 6 - 140 HV.ipt_{BC0E0634-42E0-93A7-4814-A986CA572858}">
<Transform>
<Rotation>0 -0.98837609110038838 0.15202862408479806 -1 -2.0109361866246779e-16 -1.1247917961023905e-15 1.1422893048909538e-15 -0.15202862408479806 -0.98837609110038838</Rotation>
<Translation>-0.79922995775674011 -4.2661513322737195 21.219248616975701</Translation>
</Transform>
</Instance>
<Instance name="ISO 7093 A ST 6 - 140 HV - A:7" uid="ISO 7093 A ST 6 - 140 HV - A:7" entityUid="ISO 7093 A - ST 6 - 140 HV.ipt_{BC0E0634-42E0-93A7-4814-A986CA572858}">
<Transform>
<Rotation>2.5812685322534566e-15 -0.89321095058337452 0.44963785178512777 -1 4.6687950949800944e-15 1.5015389407976295e-14 -1.551117724340983e-14 -0.44963785178512777 -0.89321095058337452</Rotation>
<Translation>-9.8998408731681202 -4.266151332273691 24.419155106402101</Translation>
</Transform>
</Instance>
<Instance name="ISO 7093 A ST 6 - 140 HV - A:8" uid="ISO 7093 A ST 6 - 140 HV - A:8" entityUid="ISO 7093 A - ST 6 - 140 HV.ipt_{BC0E0634-42E0-93A7-4814-A986CA572858}">
<Transform>
<Rotation>2.7755575615628448e-15 -0.68191225494742036 0.7314339864625683 -1 -1.9150841066198245e-15 2.0092561559948303e-15 0 -0.7314339864625683 -0.68191225494742036</Rotation>
<Translation>-9.8755302679954209 -4.2661513322737905 21.219247452348</Translation>
</Transform>
</Instance>
<Instance name="ISO 4033 M6:10" uid="ISO 4033 M6:10" entityUid="ISO 4033 - M6 - ISO.ipt_{E694E211-4A0E-B849-8B5E-F9AE868EE522}">
<Transform>
<Rotation>2.2204460492504097e-15 0.98837609110038838 0.15202862408479806 1 -2.0087393512185662e-15 -1.5461305571138008e-15 -1.2227725966602555e-15 0.15202862408479806 -0.98837609110038838</Rotation>
<Translation>-0.79922995775674099 -4.9961513322737003 21.219248616975701</Translation>
</Transform>
</Instance>
<Instance name="ISO 4033 M6:11" uid="ISO 4033 M6:11" entityUid="ISO 4033 - M6 - ISO.ipt_{E694E211-4A0E-B849-8B5E-F9AE868EE522}">
<Transform>
<Rotation>-2.6090241078691348e-15 0.89321095058337396 0.44963785178512899 1 -4.8423977071483605e-15 1.5421981800339199e-14 1.5952408326291888e-14 0.44963785178512899 -0.89321095058337396</Rotation>
<Translation>-9.8998408731681309 -4.9961513322736701 24.419155106402101</Translation>
</Transform>
</Instance>
<Instance name="ISO 4033 M6:12" uid="ISO 4033 M6:12" entityUid="ISO 4033 - M6 - ISO.ipt_{E694E211-4A0E-B849-8B5E-F9AE868EE522}">
<Transform>
<Rotation>-3.2196467714129918e-15 0.6819122549474198 0.73143398646256874 1 3.415642415771543e-15 1.2174418553980294e-15 -1.6681284276165775e-15 0.73143398646256874 -0.6819122549474198</Rotation>
<Translation>-9.8755302679954209 -4.9961513322737803 21.219247452348</Translation>
</Transform>
</Instance>
<Instance name="ISO 7045 H M6 x 25 - 4.8 - H:13" uid="ISO 7045 H M6 x 25 - 4.8 - H:13" entityUid="ISO 7045 - M6 x 25_ - 4.8 - H - ISO.ipt_{1638602D-42B5-02B4-0BB0-F287AC0652CF}">
<Transform>
<Rotation>6.6411719873435892e-15 -0.013387423748184997 0.9999103844272178 1 1.3387501040893319e-14 -6.462526981036909e-15 -1.3299784725140199e-14 0.9999103844272178 0.013387423748184997</Rotation>
<Translation>-9.8651944667948612 24.393848667726402 24.419037418776401</Translation>
</Transform>
</Instance>
<Instance name="ISO 7092 ST 6 - 140 HV:5" uid="ISO 7092 ST 6 - 140 HV:5" entityUid="ISO 7092 - ST 6 - 140 HV.ipt_{2AF18631-4CE9-0230-36D7-83A270C78402}">
<Transform>
<Rotation>5.7751112919620649e-15 -0.19651518350966701 0.98050078156529896 1 7.1963168476371209e-15 -4.4476514940590295e-15 -6.1819632439576704e-15 0.98050078156529896 0.19651518350966701</Rotation>
<Translation>-9.8651944667948612 25.733848667726303 24.419037418776401</Translation>
</Transform>
</Instance>
<Instance name="ISO 4033 M6:13" uid="ISO 4033 M6:13" entityUid="ISO 4033 - M6 - ISO.ipt_{E694E211-4A0E-B849-8B5E-F9AE868EE522}">
<Transform>
<Rotation>-6.0819405067755053e-15 0.19651518350966701 0.98050078156529896 -1 -7.3862655498546816e-15 -4.7225124791869501e-15 6.3141937380072406e-15 -0.98050078156529896 0.19651518350966701</Rotation>
<Translation>-9.8651944667948506 26.4638486677262 24.419037418776401</Translation>
</Transform>
</Instance>
<Instance name="ISO 7045 H M6 x 25 - 4.8 - H:14" uid="ISO 7045 H M6 x 25 - 4.8 - H:14" entityUid="ISO 7045 - M6 x 25_ - 4.8 - H - ISO.ipt_{1638602D-42B5-02B4-0BB0-F287AC0652CF}">
<Transform>
<Rotation>-2.1585381052016902e-15 0.89589040882874449 0.44427511225440625 1 1.3735060920797413e-14 -2.2838486691122511e-14 -2.6562926911147958e-14 0.44427511225440625 -0.89589040882874449</Rotation>
<Translation>-9.9101765866145701 24.393848667726203 21.219353589255604</Translation>
</Transform>
</Instance>
<Instance name="ISO 7045 H M6 x 25 - 4.8 - H:15" uid="ISO 7045 H M6 x 25 - 4.8 - H:15" entityUid="ISO 7045 - M6 x 25_ - 4.8 - H - ISO.ipt_{1638602D-42B5-02B4-0BB0-F287AC0652CF}">
<Transform>
<Rotation>8.7389947708861925e-15 0.98788986996088657 0.15515671054989094 1 -6.5696135588251976e-15 -1.4494636284789889e-14 -1.3299784725140153e-14 0.15515671054989094 -0.98788986996088657</Rotation>
<Translation>-0.77805669184984794 24.393848667726402 24.419177994811701</Translation>
</Transform>
</Instance>
<Instance name="ISO 7045 H M6 x 25 - 4.8 - H:16" uid="ISO 7045 H M6 x 25 - 4.8 - H:16" entityUid="ISO 7045 - M6 x 25_ - 4.8 - H - ISO.ipt_{1638602D-42B5-02B4-0BB0-F287AC0652CF}">
<Transform>
<Rotation>1.4378147110419105e-14 0.98673653683322671 0.16232993217016495 1 -1.4234157603137466e-14 -2.0500454100606298e-15 2.8777512994266426e-16 0.16232993217016495 -0.98673653683322671</Rotation>
<Translation>-0.79731436160159497 24.393848667726303 21.219235941874501</Translation>
</Transform>
</Instance>
<Instance name="ISO 7092 ST 6 - 140 HV:6" uid="ISO 7092 ST 6 - 140 HV:6" entityUid="ISO 7092 - ST 6 - 140 HV.ipt_{2AF18631-4CE9-0230-36D7-83A270C78402}">
<Transform>
<Rotation>7.912399034583012e-15 0.94610577053183031 0.32385779435791212 1 -3.4966768287126402e-16 -2.3410202113805605e-14 -2.2035284704655005e-14 0.32385779435791212 -0.94610577053183031</Rotation>
<Translation>-9.9101765866145808 25.733848667726104 21.219353589255501</Translation>
</Transform>
</Instance>
<Instance name="ISO 7092 ST 6 - 140 HV:7" uid="ISO 7092 ST 6 - 140 HV:7" entityUid="ISO 7092 - ST 6 - 140 HV.ipt_{2AF18631-4CE9-0230-36D7-83A270C78402}">
<Transform>
<Rotation>2.1523798368620401e-14 0.99867920684158296 -0.051379391026626801 1 -2.1402858104375081e-14 2.9040634740654904e-15 1.8005619912652393e-15 -0.051379391026626801 -0.99867920684158296</Rotation>
<Translation>-0.77805669184984616 25.7338486677262 24.419177994811601</Translation>
</Transform>
</Instance>
<Instance name="ISO 7092 ST 6 - 140 HV:8" uid="ISO 7092 ST 6 - 140 HV:8" entityUid="ISO 7092 - ST 6 - 140 HV.ipt_{2AF18631-4CE9-0230-36D7-83A270C78402}">
<Transform>
<Rotation>1.7899310506000599e-14 0.99656620849943078 0.082799710609816182 1 -1.8036664770420949e-14 9.1087417670413794e-16 2.4011770480552041e-15 0.082799710609816182 -0.99656620849943078</Rotation>
<Translation>-0.79731436160159319 25.733848667726104 21.219235941874501</Translation>
</Transform>
</Instance>
<Instance name="ISO 4033 M6:14" uid="ISO 4033 M6:14" entityUid="ISO 4033 - M6 - ISO.ipt_{E694E211-4A0E-B849-8B5E-F9AE868EE522}">
<Transform>
<Rotation>-5.0127003242701604e-15 -0.94610577053183154 0.32385779435790885 -1 -3.1223360669169061e-15 -2.4599563862636291e-14 2.4284982194882357e-14 -0.32385779435790885 -0.94610577053183154</Rotation>
<Translation>-9.9101765866145701 26.463848667726001 21.219353589255501</Translation>
</Transform>
</Instance>
<Instance name="ISO 4033 M6:15" uid="ISO 4033 M6:15" entityUid="ISO 4033 - M6 - ISO.ipt_{E694E211-4A0E-B849-8B5E-F9AE868EE522}">
<Transform>
<Rotation>-1.5806583472668801e-14 -0.99867920684158273 -0.051379391026630188 -1 1.5708116829637279e-14 2.3202652637501996e-15 -1.5101271963822005e-15 0.051379391026630188 -0.99867920684158273</Rotation>
<Translation>-0.77805669184983284 26.463848667726104 24.419177994811601</Translation>
</Transform>
</Instance>
<Instance name="ISO 4033 M6:16" uid="ISO 4033 M6:16" entityUid="ISO 4033 - M6 - ISO.ipt_{E694E211-4A0E-B849-8B5E-F9AE868EE522}">
<Transform>
<Rotation>-1.7710442487553596e-14 -0.99656620849943101 0.082799710609812199 -1 1.7864025724075962e-14 1.1140364639650702e-15 -2.5893472553035133e-15 -0.082799710609812199 -0.99656620849943101</Rotation>
<Translation>-0.79731436160158253 26.463848667726001 21.219235941874501</Translation>
</Transform>
</Instance>
<Instance name="Pneumatic Cylinder dia 20 L 208 mm.ipt:1" uid="Pneumatic Cylinder dia 20 L 208 mm.ipt:1" entityUid="Pneumatic Cylinder dia 20 L 208 mm.ipt.ipt_{1086D70B-4176-CBCC-C91B-A19F4AAEBB80}">
<Transform>
<Rotation>0.027126659431785494 0.99963200446367872 -5.1594663499118314e-16 -7.4654434197592099e-15 7.1872366324617841e-16 1.0000000000000002 0.99963200446367872 -0.027126659431785494 7.4821927419425239e-15</Rotation>
<Translation>-5.3376912588787304 -12.226151332273599 22.819201236169402</Translation>
</Transform>
</Instance>
<Instance name="PneumaticHolder:3" uid="PneumaticHolder:3" entityUid="PneumaticHolder.ipt_{6E1AF3E2-4B7C-19F2-0D9E-CD8E0B984A06}">
<Transform>
<Rotation>1 -1.5027661654746405e-15 0 0 -8.0444821968280397e-15 -1 1.5027661654746399e-15 1 -8.0444821968280397e-15</Rotation>
<Translation>-5.3376912588787304 -4.2661513322736395 22.819201236169501</Translation>
</Transform>
</Instance>
</Instance>
<Instance name="PneumaticCylinder:1" uid="PneumaticCylinder:1" entityUid="PneumaticCylinder.iam_{E94907B5-4258-F1D5-E94C-4E86774BEE8D}" rigid="true">
<Transform>
<Rotation>0.99999999999999967 0 6.447561770237231e-14 0 1 -2.8358869031423744e-14 -6.447561770237231e-14 2.8358869031423725e-14 0.99999999999999967</Rotation>
<Translation>5.1855298106728531 -1.9746336623316418 -16.382154523007156</Translation>
</Transform>
<Instance name="PneumaticHolder:2" grounded="true" uid="PneumaticHolder:2" entityUid="PneumaticHolder.ipt_{29A67C0F-4D02-E983-D801-5499743A5524}">
<Transform>
<Rotation>0.9999999999992063 1.2598161421624005e-06 6.8038427198313092e-15 -6.8038156820729113e-15 -2.1461674361394756e-14 1 1.2598161421624005e-06 -0.9999999999992063 -2.1461665789820899e-14</Rotation>
<Translation>-11.837678103816101 13.542470417008202 16.927142239810497</Translation>
</Transform>
<VisualProperties>
<Ambient r="0.73725490196078436" g="0.7686274509803922" b="0.77647058823529413" a="1"/>
<Diffuse r="0.73725490196078436" g="0.7686274509803922" b="0.77647058823529413" a="1"/>
<Specular r="1" g="1" b="1" a="1"/>
<Emissive r="0" g="0" b="0" a="1"/>
<Shininess>0.10000000000000001</Shininess>
</VisualProperties>
</Instance>
<Instance name="Connector:1" uid="Connector:1" entityUid="Connector.ipt_{3A40B4DB-471C-C7C5-D5F1-DF8E8A4B231B}">
<Transform>
<Rotation>0.9999999999992063 1.2598161404160004e-06 6.8038427198312895e-15 -6.8038156820729294e-15 -2.1461674361394743e-14 1 1.2598161404160004e-06 -0.9999999999992063 -2.1461665789820893e-14</Rotation>
<Translation>-5.3376912588787393 9.6424704170082833 22.819201236169199</Translation>
</Transform>
</Instance>
<Instance name="PistonRod:1" uid="PistonRod:1" entityUid="PistonRod.ipt_{8620D1A5-483F-A574-FC10-779B6204B1C0}">
<Transform>
<Rotation>-0.99515213763989563 0.098347460316707075 0 2.0845904180103793e-15 2.0772363676064935e-14 1.0000000000000002 0.098347460316707075 0.99515213763989563 -2.0876676289481206e-14</Rotation>
<Translation>-5.3376912588787304 -3.55752958299162 22.819201236169498</Translation>
</Transform>
</Instance>
</Instance>
</InstanceTree>
<Constraints>
<Coincident name="Mate:1">
<ConstraintGeometry geomType="cylinder">
<InstancePath>
<Uid>PneumaticCylinder:1</Uid>
</InstancePath>
<Position>-5.3376912588787304 -3.55752958299162 22.819201236169498</Position>
<Axis>0 -1 2.0876676289481181e-14</Axis>
</ConstraintGeometry>
<ConstraintGeometry geomType="cylinder">
<InstancePath>
<Uid>BaseForMatlab:1</Uid>
</InstancePath>
<Position>-5.3376912588787357 -1.8261513322735974 22.81920123616948</Position>
<Axis>-5.1594663499118305e-16 1 7.4821927419425224e-15</Axis>
</ConstraintGeometry>
</Coincident>
<Coincident name="Mate:2">
<ConstraintGeometry geomType="cylinder">
<InstancePath>
<Uid>BaseForMatlab:1</Uid>
</InstancePath>
<Position>-9.8876855267047414 -4.2661513322736093 22.819195504016804</Position>
<Axis>0 1 -2.2101498468249002e-14</Axis>
</ConstraintGeometry>
<ConstraintGeometry geomType="cylinder">
<InstancePath>
<Uid>PneumaticCylinder:1</Uid>
</InstancePath>
<Position>-9.8876855267183537 13.542470417008316 22.819195504016179</Position>
<Axis>6.8038427198313187e-15 1 -2.1461665789820884e-14</Axis>
</ConstraintGeometry>
</Coincident>
</Constraints>
<Joints>
</Joints>
</RootAssembly>
<Assemblies>
<Assembly name="BaseForMatlab.iam" uid="BaseForMatlab.iam_{9A5DE190-4E32-1F4C-A04E-1B9AEBC49DA1}" version="{C584C63C-87D5-3ECC-C048-B64482936A7D}">
<ModelUnits mass="lbmass" length="millimeter"/>
<AssemblyFile name="Assembly1.iam*LocalDocs*xQ0lx2fitAzbzut4pGnzw55dkBh*BaseForMatlab.iam" type="Inventor Assembly"/>
</Assembly>
<Assembly name="PneumaticCylinder.iam" uid="PneumaticCylinder.iam_{E94907B5-4258-F1D5-E94C-4E86774BEE8D}" version="{F405B0B0-73A6-CADA-F05E-122807B95CAD}">
<ModelUnits mass="lbmass" length="millimeter"/>
<AssemblyFile name="Assembly1.iam*LocalDocs*xUnb4esw45v4ouzciVqmxiw0i3e*PneumaticCylinder.iam" type="Inventor Assembly"/>
</Assembly>
</Assemblies>
<Parts>
<Part name="Connector.ipt" uid="Connector.ipt_{3A40B4DB-471C-C7C5-D5F1-DF8E8A4B231B}" version="{E1FDDF6D-8291-EFEB-7C2C-3D0E612539E2}">
<ModelUnits mass="lbmass" length="millimeter"/>
<PartFile name="Assembly1.iam*LocalDocs*xFed3ngmzKf0veqo31etzn5xiEa*Connector.ipt" type="Inventor Part"/>
<MassProperties>
<Mass>0.0022156194490192478</Mass>
<CenterOfMass>0.00089871155637682098 0 2.0334032732581231</CenterOfMass>
<Inertia>0.0026245940432468055 0.0033682998475443606 0.0010675220747099162 0 -1.8027186695231523e-06 0</Inertia>
</MassProperties>
<GeometryFile name="Connector_ipt_36eddc9b.STEP" type="STEP"/>
<VisualProperties>
<Ambient r="0.74901960784313726" g="0.74901960784313726" b="0.74901960784313726" a="1"/>
<Diffuse r="0.74901960784313726" g="0.74901960784313726" b="0.74901960784313726" a="1"/>
<Specular r="0" g="0" b="0" a="1"/>
<Emissive r="0" g="0" b="0" a="1"/>
<Shininess>0.14999999999999999</Shininess>
</VisualProperties>
</Part>
<Part name="GuideRod.ipt" uid="GuideRod.ipt_{F56362F6-4632-C3C1-480E-C0ACA5F4C66A}" version="{6A54ACB8-57C8-47D5-81C3-9AD516C15A7E}">
<ModelUnits mass="lbmass" length="millimeter"/>
<PartFile name="Assembly1.iam*LocalDocs*xEjkofyejQpvuuhw0Ze2ox1sm1e*GuideRod.ipt" type="Inventor Part"/>
<MassProperties>
<Mass>0.023561944901922441</Mass>
<CenterOfMass>-1.0456796797005987e-10 0 14.999999999999996</CenterOfMass>
<Inertia>1.7686184892956489 1.7686184889152783 0.0029452429225550977 0 0 0</Inertia>
</MassProperties>
<GeometryFile name="GuideRod_ipt_34891bf7.STEP" type="STEP"/>
<VisualProperties>
<Ambient r="0.74901960784313726" g="0.74901960784313726" b="0.74901960784313726" a="1"/>
<Diffuse r="0.74901960784313726" g="0.74901960784313726" b="0.74901960784313726" a="1"/>
<Specular r="0" g="0" b="0" a="1"/>
<Emissive r="0" g="0" b="0" a="1"/>
<Shininess>0.14999999999999999</Shininess>
</VisualProperties>
</Part>
<Part name="ISO 14583 - M8x25-4.8.ipt" uid="ISO 14583 - M8x25-4.8.ipt_{8F2C7690-43EC-AC6F-8634-06BC16F44E79}" version="{52CC1050-B20C-087F-F845-DC9B98898E80}">
<ModelUnits mass="lbmass" length="millimeter"/>
<PartFile name="Assembly1.iam*LocalDocs*xE1dwgdv2P0vzutwg2te4u11yEe*ISO 14583 - M8x25-4.8.ipt" type="Inventor Part"/>
<MassProperties>
<Mass>0.016808906597849685</Mass>
<CenterOfMass>0.63798913439694438 4.6401748113784978e-11 0</CenterOfMass>
<Inertia>0.0029362101413941354 0.015701506692095114 0.015701506981943954 0 0 4.0426558557075199e-14</Inertia>
</MassProperties>
<GeometryFile name="ISO 14583 - M8x25-4.8_ipt_58208f0a.STEP" type="STEP"/>
<VisualProperties>
<Ambient r="0.74901960784313726" g="0.74901960784313726" b="0.74901960784313726" a="1"/>
<Diffuse r="0.74901960784313726" g="0.74901960784313726" b="0.74901960784313726" a="1"/>
<Specular r="0" g="0" b="0" a="1"/>
<Emissive r="0" g="0" b="0" a="1"/>
<Shininess>0.14999999999999999</Shininess>
</VisualProperties>
</Part>
<Part name="ISO 4033 - M6 - ISO.ipt" uid="ISO 4033 - M6 - ISO.ipt_{E694E211-4A0E-B849-8B5E-F9AE868EE522}" version="{3A8B6B54-BA1E-20D4-F0D7-44B21430DD12}">
<ModelUnits mass="lbmass" length="millimeter"/>
<PartFile name="Assembly1.iam*LocalDocs*xAjldyax5ZspxubobLd1vghiaDh*ISO 4033 - M6 - ISO.ipt" type="Inventor Part"/>
<MassProperties>
<Mass>0.0029046444640233047</Mass>
<CenterOfMass>0.28499999999999964 -8.9188556270756349e-11 -1.3991864936349239e-11</CenterOfMass>
<Inertia>0.00048539010225130761 0.00031590106066442438 0.00031590103241955516 0 0 0</Inertia>
</MassProperties>
<GeometryFile name="ISO 4033 - M6 - ISO_ipt_c71df7b8.STEP" type="STEP"/>
<VisualProperties>
<Ambient r="0.74901960784313726" g="0.74901960784313726" b="0.74901960784313726" a="1"/>
<Diffuse r="0.74901960784313726" g="0.74901960784313726" b="0.74901960784313726" a="1"/>
<Specular r="0" g="0" b="0" a="1"/>
<Emissive r="0" g="0" b="0" a="1"/>
<Shininess>0.14999999999999999</Shininess>
</VisualProperties>
</Part>
<Part name="ISO 4034 - M8 - ISO.ipt" uid="ISO 4034 - M8 - ISO.ipt_{5F00B01F-45A4-9118-A15C-9C844BE85430}" version="{A8E4986B-50FB-2260-0AEB-98605BD93631}">
<ModelUnits mass="lbmass" length="millimeter"/>
<PartFile name="Assembly1.iam*LocalDocs*xU10uzzid3rgkeigzQq22nsjxZc*ISO 4034 - M8 - ISO.ipt" type="Inventor Part"/>
<MassProperties>
<Mass>0.0066479771611260433</Mass>
<CenterOfMass>0.39500000000000002 -1.165166692762825e-10 -1.9960064088089035e-11</CenterOfMass>
<Inertia>0.0019053329342604325 0.0012743299019171476 0.0012743297966037938 0 -9.1725835260626266e-16 0</Inertia>
</MassProperties>
<GeometryFile name="ISO 4034 - M8 - ISO_ipt_cfef6f9e.STEP" type="STEP"/>
<VisualProperties>
<Ambient r="0.74901960784313726" g="0.74901960784313726" b="0.74901960784313726" a="1"/>
<Diffuse r="0.74901960784313726" g="0.74901960784313726" b="0.74901960784313726" a="1"/>
<Specular r="0" g="0" b="0" a="1"/>
<Emissive r="0" g="0" b="0" a="1"/>
<Shininess>0.14999999999999999</Shininess>
</VisualProperties>
</Part>
<Part name="ISO 7045 - M6 x 25_ - 4.8 - H - ISO.ipt" uid="ISO 7045 - M6 x 25_ - 4.8 - H - ISO.ipt_{1638602D-42B5-02B4-0BB0-F287AC0652CF}" version="{5295E345-9F23-B416-1BC4-BA266585FA96}">
<ModelUnits mass="lbmass" length="millimeter"/>
<PartFile name="Assembly1.iam*LocalDocs*xKtaiszha1ya1ei0qCyz0ozehSh*ISO 7045 - M6 x 25_ - 4.8 - H - ISO.ipt" type="Inventor Part"/>
<MassProperties>
<Mass>0.0083540836662622363</Mass>
<CenterOfMass>0.7617555315731811 2.0890645094251479e-07 -1.2761268127557594e-06</CenterOfMass>
<Inertia>0.00073445925904204218 0.0070402942290032381 0.0070402955975797212 -1.3317683635335616e-10 -1.0778532305317828e-08 1.82893010156096e-09</Inertia>
</MassProperties>
<GeometryFile name="ISO 7045 - M6 x 25_ - 4.8 - H - ISO_ipt_a752b696.STEP" type="STEP"/>
<VisualProperties>
<Ambient r="0.74901960784313726" g="0.74901960784313726" b="0.74901960784313726" a="1"/>
<Diffuse r="0.74901960784313726" g="0.74901960784313726" b="0.74901960784313726" a="1"/>
<Specular r="0" g="0" b="0" a="1"/>
<Emissive r="0" g="0" b="0" a="1"/>
<Shininess>0.14999999999999999</Shininess>
</VisualProperties>
</Part>
<Part name="ISO 7092 - ST 6 - 140 HV.ipt" uid="ISO 7092 - ST 6 - 140 HV.ipt_{2AF18631-4CE9-0230-36D7-83A270C78402}" version="{342FC291-719D-D8AC-7510-09D02DFA23A3}">
<ModelUnits mass="lbmass" length="millimeter"/>
<PartFile name="Assembly1.iam*LocalDocs*xGm0jpcmbLrw4erkyBkg0v3j1Cf*ISO 7092 - ST 6 - 140 HV.ipt" type="Inventor Part"/>
<MassProperties>
<Mass>0.00080464984317861195</Mass>
<CenterOfMass>0.080000000000000029 1.3964018563771359e-10 0</CenterOfMass>
<Inertia>0.00016290135023236852 8.3167271967440131e-05 8.3167250929157131e-05 0 0 0</Inertia>
</MassProperties>
<GeometryFile name="ISO 7092 - ST 6 - 140 HV_ipt_d9d1e2f.STEP" type="STEP"/>
<VisualProperties>
<Ambient r="0.74901960784313726" g="0.74901960784313726" b="0.74901960784313726" a="1"/>
<Diffuse r="0.74901960784313726" g="0.74901960784313726" b="0.74901960784313726" a="1"/>
<Specular r="0" g="0" b="0" a="1"/>
<Emissive r="0" g="0" b="0" a="1"/>
<Shininess>0.14999999999999999</Shininess>
</VisualProperties>
</Part>
<Part name="ISO 7093 A - ST 6 - 140 HV.ipt" uid="ISO 7093 A - ST 6 - 140 HV.ipt_{BC0E0634-42E0-93A7-4814-A986CA572858}" version="{830730F0-65EB-3656-07A6-12D372A5DEAF}">
<ModelUnits mass="lbmass" length="millimeter"/>
<PartFile name="Assembly1.iam*LocalDocs*xGtnz0xj4Jlteua0k1zgoxgt1Cc*ISO 7093 A - ST 6 - 140 HV.ipt" type="Inventor Part"/>
<MassProperties>
<Mass>0.0028454284309504551</Mass>
<CenterOfMass>0.080000000000000016 2.0577618567615845e-10 0</CenterOfMass>
<Inertia>0.0012980843663774979 0.00065511251433021059 0.00065511234668600934 0 0 0</Inertia>
</MassProperties>
<GeometryFile name="ISO 7093 A - ST 6 - 140 HV_ipt_9c551ee6.STEP" type="STEP"/>
<VisualProperties>
<Ambient r="0.74901960784313726" g="0.74901960784313726" b="0.74901960784313726" a="1"/>
<Diffuse r="0.74901960784313726" g="0.74901960784313726" b="0.74901960784313726" a="1"/>
<Specular r="0" g="0" b="0" a="1"/>
<Emissive r="0" g="0" b="0" a="1"/>
<Shininess>0.14999999999999999</Shininess>
</VisualProperties>
</Part>
<Part name="ISO 8738 - 8(2).ipt" uid="ISO 8738 - 8(2).ipt_{1FADC6BB-4DC1-5D09-43F3-258120041C49}" version="{96FAAF6C-3198-3142-4C28-30848A93F5AF}">
<ModelUnits mass="lbmass" length="millimeter"/>
<PartFile name="Assembly1.iam*LocalDocs*xB4ykm2rzWjjaug43Hbdpuq2iZe*ISO 8738 - 8(2).ipt" type="Inventor Part"/>
<MassProperties>
<Mass>0.0019852509376196447</Mass>
<CenterOfMass>0.10000000000000003 1.8594918687696709e-10 0</CenterOfMass>
<Inertia>0.00071717185490466286 0.00036520347688816446 0.00036520338426729602 0 0 0</Inertia>
</MassProperties>
<GeometryFile name="ISO 8738 - 8(2)_ipt_d731914.STEP" type="STEP"/>
<VisualProperties>
<Ambient r="0.74901960784313726" g="0.74901960784313726" b="0.74901960784313726" a="1"/>
<Diffuse r="0.74901960784313726" g="0.74901960784313726" b="0.74901960784313726" a="1"/>
<Specular r="0" g="0" b="0" a="1"/>
<Emissive r="0" g="0" b="0" a="1"/>
<Shininess>0.14999999999999999</Shininess>
</VisualProperties>
</Part>
<Part name="Part1.ipt" uid="Part1.ipt_{3835551A-4C5E-266B-571E-8AA62629B327}" version="{55D3F605-BC79-F5BF-8855-0D268DAB3F19}">
<ModelUnits mass="lbmass" length="millimeter"/>
<PartFile name="Assembly1.iam*LocalDocs*xKiwoaylpTr03eqk1OyfxvqraYb*Part1.ipt" type="Inventor Part"/>
<MassProperties>
<Mass>0.18361858437490747</Mass>
<CenterOfMass>17.999999999999989 2.6000000000000005 0.5</CenterOfMass>
<Inertia>0.43405165740060214 19.657622997977828 20.061071557982608 0 0 5.4569682106375695e-15</Inertia>
</MassProperties>
<GeometryFile name="Part1_ipt_bc7ee831.STEP" type="STEP"/>
<VisualProperties>
<Ambient r="0.74901960784313726" g="0.74901960784313726" b="0.74901960784313726" a="1"/>
